#Duplication rate	Coverage
1.0	5756957.0
2.0	555360.0
3.0	8440.0
4.0	2699.0
5.0	1530.0
6.0	1096.0
7.0	845.0
8.0	606.0
9.0	472.0
10.0	329.0
11.0	284.0
12.0	222.0
13.0	177.0
14.0	163.0
15.0	105.0
16.0	97.0
17.0	91.0
18.0	67.0
19.0	75.0
20.0	55.0
21.0	54.0
22.0	34.0
23.0	40.0
24.0	32.0
25.0	27.0
26.0	22.0
27.0	24.0
28.0	25.0
29.0	17.0
30.0	12.0
31.0	15.0
32.0	12.0
33.0	15.0
34.0	9.0
35.0	8.0
36.0	3.0
37.0	4.0
38.0	7.0
39.0	8.0
40.0	8.0
41.0	6.0
42.0	3.0
43.0	3.0
44.0	2.0
45.0	1.0
46.0	5.0
47.0	4.0
48.0	0.0
49.0	2.0
50.0	25.0
