# Position (bp)	A	C	G	T	N
0.0	34.34181510070514	16.21662620052968	9.82798997584087	39.598815493646214	0.014753229278099233
1.0	41.46512770010646	13.279413246275887	11.648478192918851	33.601498629585734	0.005482231113068003
2.0	39.48246877209217	10.69482830427129	8.258722846810675	41.562903722549734	0.001076354276125917
3.0	40.21761874268617	10.161071394435622	10.145701055372545	39.47479077825581	8.180292498556967E-4
4.0	43.92001912753305	9.171858760504858	10.24844265887635	36.65922020859459	4.5924449114705785E-4
5.0	42.89557383029711	9.225403797894536	10.183244292523815	37.694629968056674	0.0011481112278676445
6.0	40.767434858321636	9.324370985736726	9.238133481133518	40.66947226780383	5.884070042821678E-4
7.0	38.33523297903578	9.656777888985108	8.909716264401979	43.097856677257035	4.161903201020212E-4
8.0	37.76677440733781	10.065806865303303	9.71416909898814	42.45273297831821	5.1665005254044E-4
9.0	38.33587879160145	10.551041724371215	10.330059015787391	40.78158532920511	0.0014351390348345558
10.0	39.04991786699304	10.541871185938623	10.420228801346045	39.98746549566975	5.1665005254044E-4
11.0	39.616180675967705	10.46842077013579	10.387536334132514	39.527302515540406	5.597042235854767E-4
12.0	39.706407867087755	10.454126785348839	10.181177692313653	39.65795757327174	3.300819780119478E-4
13.0	39.848544037097774	10.397768875450884	10.080703608484887	39.67225155805869	7.319209077656235E-4
14.0	40.03013217917539	10.333776025887612	10.03304264113803	39.60218807037807	8.610834209007335E-4
15.0	39.65649373145621	10.422596780753523	10.203221427888712	39.71691308482275	7.749750788106602E-4
16.0	39.859255793661276	10.487258824677523	10.331316482873037	39.32117865200145	9.902467867209342E-4
17.0	39.9192130606987	10.48760626857969	10.408300394462767	39.18444973405408	4.30542204760706E-4
18.0	39.75135606482016	10.54261823696935	10.389790061820138	39.31589120252769	3.4443386267077466E-4
19.0	40.057124372520256	10.455450767901166	10.483608244256493	39.00340042428523	4.1619103685242465E-4
20.0	39.91538690278004	10.507707286158114	10.420680280231553	39.155866745350714	3.5878547957850454E-4
21.0	39.80235512529363	10.464767839962159	10.249553957891788	39.48302169704957	3.013798028459438E-4
22.0	39.55728429661071	10.457253699367447	10.105615024681585	39.87963170792894	2.1527141132511322E-4
23.0	39.47299836336322	10.470112578337266	10.141708864647095	39.9149649222411	2.1527141132511322E-4
24.0	39.545257800431344	10.419365930974227	10.187676486678718	39.8474271047947	2.726771210118101E-4
25.0	39.724736751766805	10.409492148908114	10.317298579151279	39.54804197735115	4.3054282265022644E-4
26.0	39.86860981166909	10.435496935396188	10.342585794268269	39.330517391920836	0.02279006674561865
27.0	39.93482151980556	10.486263953900893	10.471209297893324	39.107116819538156	5.884088620689259E-4
28.0	39.82218561009423	10.54996168164479	10.439713889614435	39.18779438399297	3.4443465357049575E-4
29.0	39.716624836967505	10.538988877050535	10.393379043665155	39.35067715891765	3.3008339915866045E-4
30.0	39.7750349243089	10.524982613190783	10.252189819467084	39.44711812381475	6.74519218487682E-4
31.0	39.6180980419678	10.596801280842444	10.160243079923202	39.62445575533797	4.0184192858867086E-4
32.0	39.694550988489226	10.576577812616875	10.109048543421798	39.61833009802371	0.0014925574483926735
33.0	39.6667402421792	10.474780199136095	10.157625728734835	39.70046633862896	3.874913209119881E-4
34.0	39.82122278049739	10.440750356277151	10.184417377427026	39.55139934757868	0.0022101382197480153
35.0	40.02267544407274	10.337247000167913	10.314456743720122	39.325218968726546	4.0184331268145737E-4
36.0	40.05969966753149	10.31140327083798	10.280662204476025	39.30701714352634	0.04121771362816628
37.0	40.124761189642975	10.331805750737097	10.36392459562977	39.1786186657849	8.897982052483168E-4
38.0	39.97198282171821	10.416270801915307	10.369628127283697	39.2415872401716	5.310089111906254E-4
39.0	39.767966127917	10.573831686104002	10.404080907457697	39.25397776247578	1.4351604552443776E-4
40.0	39.60544500814455	10.595190769032055	10.323557481863128	39.47559146652124	2.1527443903069098E-4
41.0	39.4722928562387	10.578928167429744	10.183210239267767	39.76522429756588	3.444394979105439E-4
42.0	39.41907612009015	10.469798927413866	10.143226759772624	39.96291816450224	0.004980028221116698
43.0	39.524051862433836	10.322829901699498	10.152030377372084	40.00064295594402	4.449025505545639E-4
44.0	39.73985461112811	10.248520479072578	10.18415292296158	39.82685486199654	6.171248411979914E-4
45.0	40.026028353913276	10.241775508030814	10.294747858214933	39.43736216927443	8.611056654150974E-5
46.0	40.175737970308965	10.241957243073815	10.243033629172073	39.339228102001215	4.305544393033055E-5
47.0	40.02073270284638	10.30492544493649	10.26042031443212	39.41372061168793	2.0092609708519381E-4
48.0	39.68714756991337	10.388200170673397	10.253808505367774	39.670528011132525	3.157429129350399E-4
49.0	39.61824409563861	10.463419065779174	10.298801058492352	39.619406611644735	1.2916844512479537E-4
50.0	39.587998973535235	10.426281401755897	10.295892246459472	39.689296349218466	5.310290309265567E-4
51.0	39.690292413104196	10.312922494883416	10.20596939522414	39.79078699225265	2.8704535603670734E-5
52.0	39.75804479318802	10.210523505745543	10.14474657150468	39.88657031056243	1.1481899932945705E-4
53.0	39.779606029883034	10.265633019453938	10.200042138911439	39.75438870447533	3.3010727625328815E-4
54.0	39.80752874323741	10.371075029946702	10.264133796099479	39.5568031474681	4.5928324830373776E-4
55.0	39.79656394873194	10.382214057095288	10.341538329051426	39.47949707921289	1.8658590845808276E-4
56.0	39.725947767916345	10.438752258435656	10.27897529169487	39.55599456425325	3.301176998776555E-4
57.0	39.70357571606469	10.376572316662811	10.291630329255696	39.6280350469664	1.8659105040427104E-4
58.0	39.62314550366543	10.352826889561713	10.291796194222295	39.7319012841421	3.3012840846816685E-4
59.0	39.578338259509586	10.382203528014902	10.385303918664123	39.65396769622602	1.8659758536983067E-4
60.0	39.55418260447181	10.47644898620057	10.40948723808124	39.55942184092702	4.5933031936088776E-4
61.0	39.48478318536816	10.467919059545505	10.38810858358798	39.65637570867683	0.0028134628215242537
62.0	39.56873032137225	10.473903415780569	10.2153018081011	39.74121752192048	8.46932825594712E-4
63.0	39.37947110314749	10.50779759527611	10.163344828011912	39.949271632050085	1.1484151440356629E-4
64.0	39.365178623723935	10.499204126140839	10.199344581224496	39.93608604625256	1.866226581727517E-4
65.0	39.494578183011555	10.485151195579052	10.304280402989141	39.71568874317266	3.0147524759013605E-4
66.0	39.62142039850636	10.428396484966642	10.323781029673347	39.62638773040308	1.4356450568587226E-5
67.0	39.68349727102323	10.396614736474566	10.438565862981477	39.48027406920759	0.0010480603131431932
68.0	39.7240678859677	10.374755167786699	10.414137942223475	39.48670878024814	3.302237739868089E-4
69.0	39.79869246735763	10.305707403531706	10.371526274135022	39.5237579703436	3.1588463204035056E-4
70.0	39.53399143432914	10.41216080578075	10.331719432206246	39.72207089007332	5.7437610549451057E-5
71.0	39.34962838123106	10.473192842540369	10.158340786387706	40.01882362942782	1.4360413051432682E-5
72.0	39.16433389878899	10.564824713533424	10.061242696516905	40.20956996838771	2.872277296543674E-5
73.0	39.2845293893087	10.519596463062687	10.073127497438469	40.12263175114475	1.1489904539000614E-4
74.0	39.678437212551806	10.362268755914144	10.105608575773715	39.853556184865425	1.2927089491655133E-4
75.0	39.685726335530916	10.328293478373288	10.160659023186703	39.82523497552853	8.618738055865511E-5
76.0	39.938531926105	10.257804468660591	10.245521771834325	39.55802690758183	1.1492581825746027E-4
77.0	39.93826117539964	10.326972102303813	10.304990253276875	39.42976210179809	1.4367221586233213E-5
78.0	39.82007517247742	10.378201648345806	10.245490240481232	39.55618983191517	4.310678038043745E-5
79.0	39.58838304796248	10.55029997209094	10.281283655782133	39.5799902102722	4.3113892244586834E-5
80.0	39.46439752735611	10.615970298834343	10.223790831484294	39.69551072883887	3.3061348638533663E-4
81.0	39.385592934003874	10.622818007639149	10.235310829583396	39.75591878682303	3.594419505563155E-4
82.0	39.29945259982726	10.643299460077579	10.198143159252236	39.85806939986155	0.001035380981374359
83.0	39.415050796676084	10.567446002553712	10.203833905699025	39.81356861930668	1.0067576449579995E-4
84.0	39.51556527022455	10.529111594926688	10.238424290405952	39.71655362719759	3.452172452124122E-4
85.0	39.71316755753941	10.414694595320888	10.204214041934414	39.66769363031265	2.301748926377985E-4
86.0	39.70011484571509	10.394357337363532	10.206434525424758	39.69894941062077	1.438808758431779E-4
87.0	39.532287095925625	10.399070842636707	10.192295626536533	39.875022520927914	0.0013239139732212496
88.0	39.511539085969446	10.506279339952536	10.20821651085859	39.77146069640972	0.0025043668097130285
89.0	39.572453490561635	10.514210953349192	10.23943284023856	39.67331247628245	5.902395681634566E-4
90.0	39.481816993080024	10.571092328350007	10.207653965549321	39.73927830187864	1.5841114200608415E-4
91.0	39.49965364981634	10.529016768881272	10.183790350372687	39.787107013562405	4.322173673006239E-4
92.0	39.343295637893156	10.5581296665872	10.172680842550598	39.92573530323214	1.5854973690833203E-4
93.0	39.235149780392454	10.541219922734363	10.187448616217248	40.03593656685537	2.451138005702212E-4
94.0	39.263095832847775	10.530274360308617	10.123576941226966	40.082706727879206	3.4613773743606544E-4
95.0	39.311447068779124	10.426880832226622	10.037308362226085	40.223858828919624	5.049078485472648E-4
96.0	39.47781111366357	10.401743919599845	9.961954570588514	40.15808636367309	4.0403247497596006E-4
97.0	39.75857320604274	10.36192367760877	9.983530552917301	39.895813786991305	1.5877643988579645E-4
98.0	39.790299295606864	10.383062682065454	10.090169599014871	39.736367346031145	1.0107728166801773E-4
99.0	39.73016430246215	10.441332622555075	10.26034420737389	39.56772546623153	4.334013773495772E-4
100.0	39.56671800867032	10.471441588641854	10.284690832098928	39.67686048273047	2.8908785842558126E-4
101.0	39.403243674776334	10.49200362143822	10.193234968283491	39.911098319733654	4.194157682973745E-4
102.0	39.17971950636779	10.518380966466317	10.11851097630967	40.18291099911638	4.7755173983675837E-4
103.0	39.07899031267548	10.495866141105202	10.019753442517366	40.40520186535514	1.8823834681554291E-4
104.0	39.228191468554364	10.489073821069422	9.979977485537281	40.30256887991273	1.883449262050091E-4
105.0	39.52303464582589	10.415345781327776	10.016826158588573	40.044242592388045	5.508218697155527E-4
106.0	39.62620408913878	10.371983015051676	10.065908189735065	39.93516504458419	7.396614902931757E-4
107.0	39.6689107101707	10.289398026332975	10.204041948405573	39.833121757064006	0.004527558026750903
108.0	39.588020408761864	10.308376287200266	10.29450927173339	39.80849869446769	5.953378367978607E-4
109.0	39.372509256780965	10.413787772185398	10.326007827396236	39.88734640689267	3.487367447342931E-4
110.0	39.12134590942538	10.580582676753135	10.338469637346689	39.95934001692712	2.617595476795016E-4
111.0	39.00401964642948	10.608745874971762	10.247361961475672	40.13923207519487	6.404419282192686E-4
112.0	38.954431583566276	10.567058669962595	10.1868993862092	40.29083824138709	7.721188748392389E-4
113.0	39.0655808547503	10.49675370307624	10.173581972131943	40.21599990202499	0.04808356801652512
114.0	39.192377183020675	10.497100782811984	10.136945410915017	40.173343191916736	2.3343133558905815E-4
115.0	39.484075190771264	10.347651324960246	10.172151103340301	39.99425364884539	0.0018687320828011827
116.0	39.53997610994102	10.326124434013646	10.193875893247435	39.93983363449145	1.8992830644727707E-4
117.0	39.52669824838436	10.27132497002661	10.271705120332193	39.92920431616809	0.0010673450887504752
118.0	39.55506815252398	10.316051988616076	10.294569573173087	39.834090778717076	2.1950696978530461E-4
119.0	39.41391109717905	10.357181570227839	10.298207939907247	39.93047966977111	2.19722914756298E-4
120.0	39.30737879825594	10.517027713940859	10.297862167984876	39.87749666719952	2.346526187965547E-4
121.0	39.1412107945687	10.581841929999644	10.350944814135094	39.92581150369708	1.9095759948083035E-4
122.0	39.09806780746598	10.609118663065464	10.303103799864838	39.98941538548483	2.94344118886767E-4
123.0	39.21568020307862	10.558413118010547	10.27405763842074	39.93154530725727	0.020303733232832067
124.0	39.31615059281872	10.589921594419085	10.242236595315394	39.851484490614745	2.0672683205010114E-4
125.0	39.5823077807767	10.400514675860348	10.214281722946035	39.802866254937804	2.9565479110067252E-5
126.0	39.789827251869895	10.300264118063497	10.15251900679296	39.75725643957959	1.3318369405396959E-4
127.0	39.66342029854656	10.2382227179002	10.16530314069745	39.93300939776607	4.444508972130262E-5
128.0	39.57403430261312	10.273354047457357	10.161001730528293	39.99147641387544	1.335055257937126E-4
129.0	39.302762454904105	10.410076642592745	10.183850716141945	40.103235911646365	7.427471483708732E-5
130.0	38.99480306589946	10.591855854869172	10.268304892356024	40.144723692269594	3.1249460574787695E-4
131.0	39.17453488705082	10.506967745168696	10.338292708537173	39.9798019511357	4.027081076179249E-4
132.0	39.07500031421453	10.557024550029835	10.359682864774635	40.007978056454476	3.142145265265888E-4
133.0	39.32448557611839	10.44429900515318	10.302766141132004	39.927427596624725	0.0010216809717027424
134.0	39.57576791139269	10.36564550134393	10.213157382408026	39.844795346878776	6.338579765744202E-4
135.0	39.45196148361648	10.27679787261765	10.15638114711627	40.113783806223005	0.0010756904265976125
136.0	39.54923166353721	10.275116867891853	10.178557964528588	39.996120618366135	9.728856762041893E-4
137.0	39.479466840107555	10.32538165435517	10.207335890610214	39.98737326744695	4.4234748011419276E-4
138.0	39.41336271742836	10.50718810569084	10.241193425584443	39.83756648718229	6.892641140612637E-4
139.0	39.85091767842173	10.494185706304716	10.331312184362295	39.323060870379344	5.235605319128622E-4
140.0	40.648116194393616	10.383805761411805	10.283732803497019	38.682097281147186	0.0022479595503708824
141.0	41.92712777628788	9.879033896514454	9.902007485326598	38.29129947995297	5.313619181040006E-4
142.0	42.32004589375406	9.245826300336166	9.53505781635879	38.89851838192996	5.516076210108919E-4
143.0	40.035703091173694	9.560153557307101	9.332777224282554	41.07073033182798	6.357954086670358E-4
144.0	37.51296194047223	10.48668278853103	9.326007953196573	42.673257136041215	0.0010901817589505525
145.0	36.72201787264544	10.442637140273225	9.292006344827943	43.54272408408191	6.145581714888998E-4
146.0	39.290550373341304	10.33359588822079	10.12227400811027	40.252845577266186	7.341530614508952E-4
147.0	41.05330772112092	8.672543739018753	10.582844601324364	39.69036586273022	9.380758057412873E-4
148.0	34.4187968518668	11.700879512121071	12.766462077205865	41.10857990200035	0.005281656805913065
149.0	39.63895435608907	10.026128347327507	15.324643121738571	34.995997031159405	0.014277143685442481
