# Position (bp)	A	C	G	T	N
0.0	31.04120268351207	4.721296704372949	32.851025904705935	30.58187160276186	0.804603104647177
1.0	32.077782674697616	4.757514323490524	33.80663042945987	29.352490083737333	0.005582488614661378
2.0	33.584760785465946	4.931492091474462	31.563880319279175	29.919024533568383	8.422702120366289E-4
3.0	35.54517408550022	4.9718035355761225	30.36897311591009	29.11085647127957	0.003192791733999315
4.0	39.08938837471231	5.2750012242299595	26.41134126634347	29.22131139513246	0.002957739581803046
5.0	40.38854120758043	6.1952304000783505	22.65845942901915	30.75655452720239	0.0012144361196807208
6.0	40.845169188580385	7.113500807991774	19.018951079770822	33.02118407521669	0.001194848440331032
7.0	40.63272121835366	8.096782723666813	16.529885901767788	34.74025757798345	3.525782282944028E-4
8.0	40.306703883257434	8.841565055580041	14.439821752117918	36.41163508153372	2.7422751089564663E-4
9.0	40.09358993193282	9.320190000489692	13.253082611037655	37.33176631898536	0.0013711375544782332
10.0	40.199970618480975	9.63463101709025	12.37604426815533	37.78817883551247	0.0011752607609813428
11.0	40.26533470447089	9.856363547328732	11.565035992360805	38.31258018706234	6.855687772391166E-4
12.0	40.188394299985305	10.000920620929435	11.029175848391363	38.78129376622105	2.154644728465795E-4
13.0	40.21609127858577	9.984702022427893	10.71628225845943	39.082434748543164	4.896919837422261E-4
14.0	40.24004701043044	10.012379413349004	10.575995298956956	39.16887517751334	0.0027030997502570883
15.0	40.17111796679889	10.058371284462075	10.534038489789923	39.23615885607953	3.1340286959502474E-4
16.0	40.104578620047995	10.15051172812301	10.54863131090544	39.19606287645071	2.154644728465795E-4
17.0	40.182263356348855	10.167102492532196	10.574682924440527	39.075422359335974	5.288673424416042E-4
18.0	40.135252925909604	10.22492532197248	10.569159198863915	39.06911512658538	0.0015474266686254347
19.0	40.18304686352284	10.216894373439107	10.623142843151658	38.976602517016794	3.1340286959502474E-4
20.0	40.07967879327312	10.258012931007466	10.552219990096466	39.10826663072979	0.00182165489316092
21.0	40.04412324107399	10.293705729361523	10.452209354847934	39.20817919449915	0.0017824802174077408
22.0	39.98077259836708	10.31247661704289	10.37337514157095	39.333140589209385	2.3505380969338405E-4
23.0	39.94516140911438	10.279924405954441	10.384661491775779	39.389155764633614	0.0010969285217869592
24.0	39.906356462081874	10.252014454553718	10.41438137205432	39.42558271094967	0.0016650003604236074
25.0	39.99587075704616	10.23435216722572	10.412254370768407	39.35687628647074	6.464184889791524E-4
26.0	39.96502655427525	10.205041472935639	10.482259017405626	39.34618422351663	0.0014887318668540901
27.0	39.95306937419172	10.200760747050627	10.52669725378072	39.31794470577957	0.0015279191973644568
28.0	39.96610752506186	10.234814400403685	10.483983445145984	39.312626445454704	0.002468183933768047
29.0	39.91419318795304	10.275583178385867	10.435427846978506	39.374188533652394	6.072530301926206E-4
30.0	39.91937158416423	10.330858586847931	10.325628317890654	39.42179082841976	0.0023506826774275695
31.0	39.85721477726171	10.354034480799706	10.31959677719511	39.46866423630768	4.89728435787787E-4
32.0	39.83249230142374	10.363458991858707	10.346788537936547	39.456300295405924	9.598733750715009E-4
33.0	39.76671067735983	10.337543733177663	10.369298035973843	39.52642796415936	1.958932930054341E-5
34.0	39.784313479663126	10.302957050753642	10.40062952317968	39.51057197752084	0.00152796888271781
35.0	39.87245734506451	10.263493079653237	10.451727608632028	39.411577569512005	7.443971382239703E-4
36.0	39.91253313064788	10.261264420279776	10.420448245667306	39.4054799511831	2.742522219327338E-4
37.0	39.93227126910172	10.270244962756445	10.459283619888513	39.33698559936813	0.0012145488852008393
38.0	39.88718394756277	10.270629235009608	10.4462101132862	39.394899280476885	0.0010774236645333679
39.0	39.82000350260913	10.309953482686572	10.460636197623947	39.40909338449598	3.1343258437311326E-4
40.0	39.7746145464846	10.319043027633391	10.450371280485726	39.45399260220743	0.0019785431888552775
41.0	39.740191711115344	10.344807321161174	10.403517185123544	39.509250574561335	0.0022332080386086406
42.0	39.74980214544856	10.33848799943582	10.396943245128076	39.514492356153866	2.742538336768036E-4
43.0	39.8487174896185	10.257986966658923	10.430198987061864	39.46211707753204	9.794791286710388E-4
44.0	39.922186168641424	10.249320828373898	10.431817594130013	39.3946968586892	0.0019785501654538086
45.0	39.99559233183277	10.187120205926256	10.517891214831705	39.296379443419255	0.0030168039900171214
46.0	39.984865029206226	10.17304721460511	10.51531774231527	39.32614314477503	6.268690983702579E-4
47.0	39.93849236355601	10.206451582570839	10.493577331777653	39.3590691930546	0.0024095290408977397
48.0	39.88949464516243	10.235644196656827	10.48265040462473	39.39136839754502	8.423560109937254E-4
49.0	39.77395830762184	10.273429189679673	10.47557535944171	39.476606169738524	4.309735182444803E-4
50.0	39.795005246129264	10.251461589635937	10.437603188894348	39.51512679647604	8.031788644069524E-4
51.0	39.87239235921336	10.191039255902881	10.365603530856797	39.5698482381957	0.001116615831261717
52.0	39.86816468424602	10.19054589278669	10.3792346742278	39.560330847912375	0.0017239008271197809
53.0	39.85746441017966	10.182361710505438	10.43168145372197	39.527806781606714	6.856439862165969E-4
54.0	39.89488869438343	10.189014638320414	10.425013575766883	39.49055416554678	5.289259824898074E-4
55.0	39.87856638278349	10.24110806510572	10.42156984509515	39.4578741633661	8.815436495358574E-4
56.0	39.83518614726756	10.269423986045712	10.430335528187141	39.462664369161715	0.00238996933786879
57.0	39.740300141321796	10.22183251310273	10.441141842496133	39.595177898164465	0.0015476049148797708
58.0	39.72620692708503	10.260550266051125	10.378187921698183	39.63372276849889	0.0013321166667776764
59.0	39.697679329771354	10.206388454752787	10.383442847946753	39.70931578800959	0.003173579519520061
60.0	39.65290402457372	10.237293912988967	10.421988622116348	39.685913208375126	0.0019002319458375128
61.0	39.6080894340319	10.30265832966673	10.3713997908567	39.71548205023122	0.0023703952134472325
62.0	39.610271306743606	10.36531947088015	10.304962477187368	39.71827134122212	0.001175403966753307
63.0	39.54981138640007	10.439668723367243	10.254620523855271	39.75470436953534	0.0011949968420739189
64.0	39.538808133840064	10.458292520471732	10.245758727422324	39.75653332288524	6.072953806370725E-4
65.0	39.51627343141784	10.452734780426512	10.293328851082304	39.737388673461346	2.7426361199691724E-4
66.0	39.579731972560964	10.426576122645043	10.300668893176129	39.69249407195773	5.289396601308009E-4
67.0	39.63842397613733	10.435549359766263	10.329800401289676	39.59471780230234	0.0015084605043900118
68.0	39.5435727892713	10.415874884122218	10.365037547144528	39.67443730218497	0.001077477276983753
69.0	39.59925884887272	10.43941297194706	10.338266765821164	39.62151375690274	0.0015476564563133804
70.0	39.490469318803825	10.442941881044467	10.310038550585743	39.75559030510953	9.599444564383083E-4
71.0	39.474381232586175	10.422923496529087	10.255519625924347	39.846744646112725	4.3099884766580824E-4
72.0	39.397455679309644	10.448226114472488	10.257801718834854	39.89520389124024	0.001312596142769711
73.0	39.473594503829474	10.42016286487967	10.271525054884515	39.833502927108896	0.0012146492974429283
74.0	39.56847175061771	10.367660830307795	10.306222724106071	39.757096140448766	5.485545196582349E-4
75.0	39.65757471745369	10.304751135122258	10.357824076033207	39.679183965820165	6.661055706800702E-4
76.0	39.78198287789184	10.263645514605592	10.41873111143241	39.534484602915434	0.0011558931547223721
77.0	39.74529822633871	10.280974028671043	10.46084395651932	39.511531972217625	0.0013518162532982357
78.0	39.748916676887006	10.279667615035612	10.41790665808289	39.55294089066224	5.681593322521326E-4
79.0	39.62867470587659	10.325245143657611	10.453630868998756	39.59152846213375	9.20819333287619E-4
80.0	39.53873926401884	10.377602467664218	10.410967814489455	39.67110349370251	0.0015869601249819264
81.0	39.51865170282824	10.389440674226954	10.414460080430436	39.6765462953058	9.012472085826947E-4
82.0	39.577054724067736	10.33660072453404	10.430272905209083	39.654778535140295	0.0012931110488502088
83.0	39.651290326499215	10.285365980773143	10.38481930099755	39.67770149191736	8.22899812731514E-4
84.0	39.636720444496866	10.268057097423547	10.419257037547037	39.67569111715537	2.743033771839937E-4
85.0	39.68674981131395	10.277687865077132	10.417037311637246	39.617819643569504	7.053684021603083E-4
86.0	39.6920928220305	10.262507994331862	10.425706009229534	39.618537131320224	0.00115604308788122
87.0	39.63803201338692	10.315940660214872	10.35612884516282	39.688859976212356	0.0010385050230332577
88.0	39.61802932019902	10.378404413078716	10.295714052815235	39.70544204463869	0.0024101692683431517
89.0	39.63423428225204	10.406406788508885	10.265926636008851	39.691668698067026	0.0017635951632030966
90.0	39.614785272418864	10.419410137988768	10.236263831014709	39.72607222697757	0.0034685316000865373
91.0	39.58036520212949	10.387730857733903	10.254000828561786	39.77670769367044	0.0011954179043814615
92.0	39.50551957367349	10.42571113212014	10.245115792675374	39.82181129188283	0.0018422096481614748
93.0	39.42884390976807	10.441763919849762	10.263923181581392	39.8633915016665	0.002077487134278969
94.0	39.37150753128644	10.453464783763389	10.23147558334395	39.94263090326437	9.211983418429847E-4
95.0	39.419217757078954	10.438242638785983	10.198853724415592	39.942882232336416	8.036473830497046E-4
96.0	39.44061172299179	10.434246011972412	10.181667991141245	39.94274898194494	7.252919496122041E-4
97.0	39.478303520948394	10.42430404006107	10.182724526035226	39.91315840856677	0.0015095043885409404
98.0	39.54315767763226	10.37547969639781	10.192933332444552	39.88735099366313	0.001078299862252094
99.0	39.474274492211215	10.439590820038305	10.22871475203092	39.85661603811024	8.038976093261534E-4
100.0	39.42880505759207	10.492346548593435	10.240212092570877	39.838106854182435	5.294470611766274E-4
101.0	39.311054474598286	10.53833319213427	10.20557406832152	39.94405771590121	9.805490447098986E-4
102.0	39.24276580746921	10.555925371383786	10.205380499953517	39.99343745795442	0.002490863239055794
103.0	39.18347683388368	10.548496804436871	10.171663195374819	40.09550008375824	8.630825463916676E-4
104.0	39.20024373554145	10.56435842464915	10.182864434072126	40.050100758671995	0.0024326470652859694
105.0	39.28179147936749	10.488328424803347	10.233372640815293	39.99405482510787	0.002452629905995601
106.0	39.35919525568215	10.44322949577886	10.278014356977733	39.91852081526282	0.0010400762984273263
107.0	39.39391560322469	10.448260958826944	10.276718010478644	39.88055586196014	5.49565509582656E-4
108.0	39.43519827247742	10.446329014526896	10.304770318021202	39.81183745583039	0.0018649391440910875
109.0	39.316430463963655	10.505401396677991	10.32648712669416	39.84977641606757	0.0019045965966233269
110.0	39.28568903511046	10.501872023655215	10.301000664595893	39.91077053844837	6.677381900681408E-4
111.0	39.14955683371835	10.52547420363648	10.277096789401725	40.04690962236575	9.625508776892494E-4
112.0	39.18887959297795	10.55543482660419	10.230154354474958	40.024155832826075	0.0013753931168254984
113.0	39.21856802065035	10.513947516443121	10.245912754861987	40.02094279527356	6.289127709778768E-4
114.0	39.23255730744929	10.578341183237967	10.233322835339157	39.955051284864055	7.273891095302521E-4
115.0	39.3729520141502	10.518549722176008	10.276124836131633	39.83095746325277	0.0014159642893806217
116.0	39.36973483849898	10.483125907447265	10.303564472529677	39.84322065576222	3.5412576186222934E-4
117.0	39.318620085913	10.45628439068726	10.325560908443572	39.89815692092469	0.0013776940314751914
118.0	39.305244338028835	10.430451579366048	10.327234563720065	39.936242522575036	8.269963100212262E-4
119.0	39.26427452795808	10.507589114225773	10.26327971869552	39.96239423995587	0.0024623991647542034
120.0	39.235211237622316	10.56537000782931	10.248728427018294	39.94972447609458	9.658514354917682E-4
121.0	39.234995893500844	10.618751987174784	10.1892658242229	39.95428413187187	0.0027021632295939338
122.0	39.142841353611985	10.691746566826007	10.161839762845538	40.00120392994312	0.0023683867733493335
123.0	39.15196032348557	10.677757088787892	10.181938906826076	39.98646745197051	0.0018762289299491166
124.0	39.12172973964411	10.670286761473779	10.179352414925006	40.027445204461436	0.001185879495669168
125.0	39.1407712815303	10.658102586195643	10.17924120379766	40.019709095023394	0.0021758334530041735
126.0	39.18589858565365	10.658416807919167	10.175089750275081	39.97911007162996	0.0014847845221310101
127.0	39.12566530204614	10.708162755767273	10.188959651883058	39.976300781915675	9.115083878587084E-4
128.0	39.00646423053045	10.765314117173352	10.189126842920587	40.03655592779262	0.002538881582992667
129.0	38.85534513268713	10.901515584741537	10.13589986751937	40.104697820264775	0.0025415947871890916
130.0	38.724529457258	10.972796297290365	10.127022185640469	40.174578464878536	0.0010735949326319179
131.0	38.81832925783771	10.924996147491928	10.124928773397267	40.12965531301678	0.002090508256313036
132.0	38.78236697310631	11.001201885692456	10.07653946244526	40.137658579924604	0.0022330988313715295
133.0	38.869811860293844	10.966602286687403	10.028639505664	40.13348861209226	0.001457735262496186
134.0	38.90922909229093	10.989109891098911	9.98709987099871	40.11256112561126	0.002000020000200002
135.0	38.8184459632177	11.087719171721009	9.911117308005132	40.178891242105976	0.0038263149501938
136.0	38.64548884251084	11.308576818108845	9.864685342751645	40.178881040295394	0.0023679563332798205
137.0	38.29516897529201	11.676162521863253	9.852093846122917	40.174845700729776	0.001728955992038761
138.0	37.867589740904045	12.21439117587223	9.672841756687891	40.242719913305685	0.0024574132301488348
139.0	37.41096549076318	13.034555260439188	9.458802602676071	40.09303230656253	0.0026443395590372023
140.0	36.917025576853185	13.948466675786127	9.135515474890585	39.99583553562944	0.003156736840656828
141.0	36.105021678470386	15.057872831544245	8.675324527756722	40.15916347563262	0.002617486596033757
142.0	34.57249221947155	17.05403101791211	8.008530699201472	40.362218909838674	0.0027271535761938213
143.0	32.976942182713046	19.364552169016065	7.069506688000314	40.585180629505935	0.0038183307646380915
144.0	30.951382861807247	22.729856161391655	6.226934887849158	40.08717516249558	0.004650926456354641
145.0	29.53537620180835	26.051633735225288	5.4412171302742145	38.96523107964438	0.006541853047762933
146.0	29.547619411672578	29.551152698749465	5.219512174963417	35.67466980295829	0.00704591165625208
147.0	30.407822546558528	30.416956961129742	5.209792590661141	33.95992649287474	0.005501408775847279
148.0	29.915565020235345	32.543655418130335	5.0216044023561155	32.50896983397668	0.010205325301526666
149.0	31.107663736421504	31.638126126337912	5.077414807610046	31.374437644380095	0.8023576852504464
