#Duplication rate	Coverage
1.0	5891560.0
2.0	598215.0
3.0	8265.0
4.0	2610.0
5.0	1457.0
6.0	1077.0
7.0	697.0
8.0	550.0
9.0	464.0
10.0	319.0
11.0	235.0
12.0	184.0
13.0	133.0
14.0	142.0
15.0	118.0
16.0	86.0
17.0	50.0
18.0	41.0
19.0	60.0
20.0	56.0
21.0	51.0
22.0	38.0
23.0	30.0
24.0	16.0
25.0	25.0
26.0	22.0
27.0	21.0
28.0	19.0
29.0	11.0
30.0	19.0
31.0	9.0
32.0	13.0
33.0	6.0
34.0	6.0
35.0	8.0
36.0	6.0
37.0	8.0
38.0	6.0
39.0	5.0
40.0	3.0
41.0	4.0
42.0	2.0
43.0	3.0
44.0	4.0
45.0	2.0
46.0	3.0
47.0	4.0
48.0	4.0
49.0	3.0
50.0	20.0
