#Insert size (bp)	insert size
19.0	2.0
27.0	1.0
28.0	1.0
29.0	2.0
30.0	1.0
31.0	9.0
32.0	5.0
33.0	1.0
34.0	1.0
35.0	3.0
36.0	2.0
37.0	2.0
38.0	4.0
39.0	7.0
40.0	5.0
41.0	6.0
42.0	11.0
43.0	9.0
44.0	12.0
45.0	28.0
46.0	21.0
47.0	27.0
48.0	25.0
49.0	42.0
50.0	36.0
51.0	51.0
52.0	41.0
53.0	46.0
54.0	67.0
55.0	56.0
56.0	68.0
57.0	91.0
58.0	119.0
59.0	120.0
60.0	171.0
61.0	174.0
62.0	183.0
63.0	163.0
64.0	208.0
65.0	182.0
66.0	206.0
67.0	230.0
68.0	253.0
69.0	366.0
70.0	392.0
71.0	352.0
72.0	345.0
73.0	366.0
74.0	397.0
75.0	425.0
76.0	461.0
77.0	429.0
78.0	647.0
79.0	820.0
80.0	1044.0
81.0	1031.0
82.0	829.0
83.0	640.0
84.0	604.0
85.0	587.0
86.0	630.0
87.0	711.0
88.0	754.0
89.0	1081.0
90.0	1460.0
91.0	1793.0
92.0	1824.0
93.0	1513.0
94.0	1239.0
95.0	1056.0
96.0	1099.0
97.0	1251.0
98.0	1492.0
99.0	1859.0
100.0	2220.0
101.0	2404.0
102.0	2399.0
103.0	2322.0
104.0	2158.0
105.0	1947.0
106.0	2005.0
107.0	2140.0
108.0	2340.0
109.0	2672.0
110.0	3048.0
111.0	3481.0
112.0	3464.0
113.0	3007.0
114.0	2769.0
115.0	2691.0
116.0	2763.0
117.0	3040.0
118.0	3231.0
119.0	3660.0
120.0	4654.0
121.0	6031.0
122.0	7156.0
123.0	6977.0
124.0	5347.0
125.0	4189.0
126.0	3822.0
127.0	4230.0
128.0	4539.0
129.0	5320.0
130.0	6349.0
131.0	8414.0
132.0	11524.0
133.0	14843.0
134.0	15766.0
135.0	13563.0
136.0	11699.0
137.0	12195.0
138.0	14693.0
139.0	18595.0
140.0	23187.0
141.0	27083.0
142.0	28438.0
143.0	28014.0
144.0	28322.0
145.0	28692.0
146.0	28074.0
147.0	28098.0
148.0	29233.0
149.0	31402.0
150.0	35296.0
151.0	38710.0
152.0	42234.0
153.0	42128.0
154.0	40760.0
155.0	39611.0
156.0	42421.0
157.0	47164.0
158.0	52620.0
159.0	59091.0
160.0	64268.0
161.0	66661.0
162.0	70428.0
163.0	76764.0
164.0	87386.0
165.0	97411.0
166.0	103022.0
167.0	102451.0
168.0	98741.0
169.0	93745.0
170.0	88226.0
171.0	81773.0
172.0	76736.0
173.0	73626.0
174.0	72056.0
175.0	70372.0
176.0	68689.0
177.0	64801.0
178.0	59987.0
179.0	55134.0
180.0	49497.0
181.0	44827.0
182.0	40833.0
183.0	37247.0
184.0	34409.0
185.0	32844.0
186.0	31063.0
187.0	29336.0
188.0	27848.0
189.0	26011.0
190.0	23749.0
191.0	21924.0
192.0	19708.0
193.0	18065.0
194.0	16640.0
195.0	15374.0
196.0	14291.0
197.0	13720.0
198.0	13003.0
199.0	12426.0
200.0	11943.0
201.0	10920.0
202.0	10020.0
203.0	9594.0
204.0	8565.0
205.0	8012.0
206.0	7701.0
207.0	7139.0
208.0	6893.0
209.0	6399.0
210.0	6120.0
211.0	5678.0
212.0	5347.0
213.0	4828.0
214.0	4509.0
215.0	4081.0
216.0	3857.0
217.0	3656.0
218.0	3368.0
219.0	3291.0
220.0	2901.0
221.0	2850.0
222.0	2720.0
223.0	2435.0
224.0	2368.0
225.0	2093.0
226.0	1887.0
227.0	1787.0
228.0	1727.0
229.0	1704.0
230.0	1503.0
231.0	1542.0
232.0	1423.0
233.0	1363.0
234.0	1245.0
235.0	1144.0
236.0	1132.0
237.0	1025.0
238.0	1007.0
239.0	986.0
240.0	967.0
241.0	966.0
242.0	951.0
243.0	878.0
244.0	847.0
245.0	807.0
246.0	780.0
247.0	787.0
248.0	746.0
249.0	764.0
250.0	794.0
251.0	789.0
252.0	775.0
253.0	730.0
254.0	748.0
255.0	763.0
256.0	731.0
257.0	730.0
258.0	727.0
259.0	699.0
260.0	714.0
261.0	743.0
262.0	746.0
263.0	774.0
264.0	681.0
265.0	741.0
266.0	686.0
267.0	731.0
268.0	742.0
269.0	754.0
270.0	736.0
271.0	752.0
272.0	768.0
273.0	873.0
274.0	853.0
275.0	823.0
276.0	854.0
277.0	811.0
278.0	790.0
279.0	861.0
280.0	939.0
281.0	931.0
282.0	1029.0
283.0	1102.0
284.0	1096.0
285.0	1177.0
286.0	1147.0
287.0	1210.0
288.0	1163.0
289.0	1265.0
290.0	1394.0
291.0	1459.0
292.0	1570.0
293.0	1637.0
294.0	1654.0
295.0	1788.0
296.0	1774.0
297.0	1918.0
298.0	2055.0
299.0	2053.0
300.0	2144.0
301.0	2249.0
302.0	2372.0
303.0	2543.0
304.0	2657.0
305.0	2768.0
306.0	3017.0
307.0	3025.0
308.0	3169.0
309.0	3283.0
310.0	3319.0
311.0	3490.0
312.0	3559.0
313.0	3671.0
314.0	3694.0
315.0	3694.0
316.0	3779.0
317.0	3742.0
318.0	3909.0
319.0	3985.0
320.0	4028.0
321.0	4077.0
322.0	3993.0
323.0	4132.0
324.0	4082.0
325.0	4058.0
326.0	4156.0
327.0	3982.0
328.0	3942.0
329.0	4136.0
330.0	3944.0
331.0	4066.0
332.0	4054.0
333.0	3931.0
334.0	4002.0
335.0	3959.0
336.0	3771.0
337.0	3791.0
338.0	3678.0
339.0	3694.0
340.0	3608.0
341.0	3585.0
342.0	3644.0
343.0	3598.0
344.0	3481.0
345.0	3459.0
346.0	3359.0
347.0	3353.0
348.0	3283.0
349.0	3191.0
350.0	3042.0
351.0	3091.0
352.0	3056.0
353.0	3194.0
354.0	2971.0
355.0	2844.0
356.0	2818.0
357.0	2786.0
358.0	2712.0
359.0	2695.0
360.0	2619.0
361.0	2573.0
362.0	2434.0
363.0	2319.0
364.0	2375.0
365.0	2253.0
366.0	2237.0
