# Position (bp)	A	C	G	T	N
0.0	33.93793582728322	16.28635810988662	10.096541792763821	39.66306468662217	0.016099583444168845
1.0	41.34469124592114	13.56611344078459	11.838486082077235	33.24207450653245	0.008634724684588826
2.0	39.47998066935829	10.81087028275938	8.315323433110827	41.39084524205779	0.0029803727137129176
3.0	40.27026688262763	10.166148815301847	10.342742862076985	39.20451902494461	0.016322415048932427
4.0	43.87151808208838	9.181887690085803	10.402601001906604	36.540511482094786	0.0034817438244309786
5.0	42.875056926511526	9.276075824024312	10.360109800273246	37.48735082468585	0.0014066245050701153
6.0	40.682588913292044	9.380444576905454	9.38224115671886	40.5519121040735	0.0028132490101402305
7.0	38.3191812052683	9.719065054294314	9.062296753204249	42.89824534038224	0.0012116468509019806
8.0	37.75739487570871	10.164867533574455	9.856956036717078	42.21909638998873	0.0016851640110245934
9.0	38.29916814176546	10.635334686106868	10.49446333097039	40.56997539103465	0.0010584501226270175
10.0	38.9848488435736	10.627382383211867	10.576131114116242	39.810063910889646	0.0015737482086428023
11.0	39.486038903612794	10.543040620808851	10.554641791231854	39.41509489144619	0.0011837929003065328
12.0	39.62654815739153	10.52455952458877	10.329651505297125	39.518168435624645	0.0010723770979247415
13.0	39.79615086256722	10.472765103456535	10.207748690516148	39.52163625247378	0.0016990909863223178
14.0	39.940378618750444	10.373410061682574	10.167249046350367	39.51529947871332	0.0036627945033013893
15.0	39.58075626261262	10.462264164082052	10.341169113868343	39.61444561585781	0.0013648435791769437
16.0	39.78376409027693	10.540678906999227	10.432535883568193	39.2418930335281	0.001128085627548464
17.0	39.85778600522039	10.55645817880185	10.515262162921747	39.06974159597098	7.520570850323092E-4
18.0	39.71876686035386	10.562418927549883	10.512365350446068	39.20573858551432	7.102761358638475E-4
19.0	39.98047714427611	10.476899161065928	10.658172873508663	38.883754471608576	6.963495407296239E-4
20.0	39.7886328458051	10.55820493344152	10.544013329801448	39.10817400159492	9.748893570214735E-4
21.0	39.67088013846771	10.533289546874212	10.379410225363781	39.4162390384137	1.8105088058970221E-4
22.0	39.46010905947967	10.510310012030134	10.243984166682683	39.78555498083507	4.1780972443777436E-5
23.0	39.3912261629107	10.505421638254212	10.260905460522412	39.84225176044127	1.949778714042947E-4
24.0	39.42292399400471	10.485533895370974	10.319983755557914	39.771460866130695	9.748893570214736E-5
25.0	39.65448807027894	10.47111945987787	10.4426109096804	39.4316979982179	8.356194488755487E-5
26.0	39.81239229213479	10.490617247018301	10.476550986295564	39.21854540380056	0.0018940707507845772
27.0	39.8576939682186	10.519880784925421	10.63658900045959	38.98530702059803	5.292257983649708E-4
28.0	39.77694240545448	10.579296291045303	10.60416991049675	39.039507831012024	8.356199143823836E-5
29.0	39.666871579353156	10.578215878068503	10.508929021569312	39.24527324368612	7.102773229062765E-4
30.0	39.672355943184485	10.601421223537983	10.397139837767043	39.32892979839817	1.5319711231799487E-4
31.0	39.54034344650357	10.661765832334533	10.296473365779635	39.50020570245648	0.0012116529257797126
32.0	39.60830688119545	10.630277661099926	10.224303730336377	39.53516193833542	0.001949789032826648
33.0	39.595407521341144	10.54199693548787	10.27899817583258	39.583444169586016	1.5319775239399343E-4
34.0	39.72005192012546	10.475317049800426	10.300810834148066	39.50292886330021	8.913326258380615E-4
35.0	39.984964320203716	10.356165673247771	10.416873832039924	39.24143909115193	5.570833566611989E-4
36.0	40.05208732286481	10.354806587514362	10.372814317050242	39.209108317955504	0.011183454615090004
37.0	40.09957319011075	10.376287943337875	10.483401265082005	39.03916383923337	0.0015737622360013847
38.0	39.905459958291075	10.459708995718527	10.517269761810123	39.1161685726852	0.0013927114950785754
39.0	39.70156084267009	10.611604874722572	10.510006373060229	39.173777865425926	0.0030500441211861913
40.0	39.501037155717086	10.658108518771167	10.465008424539993	39.375734483679736	1.1141729201943006E-4
41.0	39.382972791016186	10.656566486569599	10.32743925588723	39.63093238881023	0.0020890777167550437
42.0	39.32972432445983	10.518524605232738	10.269533632861572	39.8820642379439	1.5319950196234633E-4
43.0	39.46167231324307	10.35405607840046	10.271467412573699	39.90628623699577	0.006517958787002298
44.0	39.68574141611206	10.301849351641987	10.291752052676426	39.720406488009004	2.506915605243242E-4
45.0	39.97498914357803	10.252459512300835	10.404686186035201	39.36762839198772	2.3676609821447723E-4
46.0	40.07899677439123	10.246600297491378	10.394719249474933	39.27960011364839	8.356499406688542E-5
47.0	39.92605278060431	10.326983924481189	10.411078795975367	39.33422711409187	0.0016573848472685043
48.0	39.553931957053656	10.449090354008726	10.426541406497217	39.56979560820598	6.406742344221453E-4
49.0	39.52002074694576	10.497751207127946	10.455772625953848	39.52516012864889	0.0012952913235537444
50.0	39.45806138906763	10.486059461431966	10.452242269261733	39.60353938421511	9.74960235550393E-5
51.0	39.60910803570409	10.346001396719242	10.309523458002737	39.73241433255679	0.002952777017143656
52.0	39.67312366879696	10.295258953289293	10.261635891490272	39.769340781849	6.407045744635213E-4
53.0	39.711579122134836	10.317879721005951	10.351085338995373	39.61938617520867	6.964265517915712E-5
54.0	39.70544810276097	10.43868690611167	10.413016165741332	39.44131665965585	0.001532165730188401
55.0	39.72438949853063	10.421795443598521	10.445600118786583	39.4062927359386	0.001922203145671519
56.0	39.66428503971096	10.461747014887328	10.386528945166864	39.48732756605749	1.1143417736365124E-4
57.0	39.63201273056316	10.44177249467331	10.391263673320198	39.5338506610443	0.0011004403990336183
58.0	39.52093873185502	10.416403736272247	10.4111381633403	39.651380067661215	1.3930087121550875E-4
59.0	39.51718932707907	10.448834054518054	10.540552814487105	39.49325663728156	1.6716663420847852E-4
60.0	39.41799524109377	10.532534981304297	10.533106161501896	39.51575064222944	6.129738705956434E-4
61.0	39.39807505727404	10.55381809285667	10.507188024361877	39.53803492225722	0.0028839032502007587
62.0	39.40319106930833	10.53108880840794	10.344726214456866	39.72088244694532	1.1146088154968521E-4
63.0	39.25774528296892	10.591162587337074	10.29012085419721	39.860664744064366	3.065314324297437E-4
64.0	39.22586359017862	10.53773143748603	10.335520606498726	39.90042454241996	4.598234166607679E-4
65.0	39.399963435176026	10.556824857837526	10.437752288924537	39.60515285322679	3.065648351182838E-4
66.0	39.48159154144868	10.48206451440282	10.475124604822316	39.56021597890491	0.0010033604212775957
67.0	39.59097051268329	10.451898034178885	10.600892713796425	39.35618299350673	5.574583467123337E-5
68.0	39.59866278536579	10.43916345199399	10.558941891150193	39.40107156685084	0.002160304639191494
69.0	39.69158557259103	10.357312015397444	10.525442775465008	39.425534186634344	1.254499121711226E-4
70.0	39.48843755454181	10.471888070866294	10.419778860667945	39.61988157352529	1.3940398661944773E-5
71.0	39.28289107712727	10.522760637919665	10.265200364159053	39.92910609548161	4.182531240022921E-5
72.0	39.07671195669603	10.641065432533583	10.178823251205591	40.10330175775286	9.760181193580922E-5
73.0	39.20148336306307	10.577663209539395	10.178347718507958	40.04239415266915	1.1155622043062933E-4
74.0	39.54988546104127	10.433700030932352	10.24382447716933	39.77221348734242	3.7654351462369497E-4
75.0	39.62639871390709	10.36312653582016	10.254599196442992	39.75562449456889	2.5105926086479877E-4
76.0	39.82563678785344	10.303605360738342	10.408240585410438	39.46234987195751	1.6739404026998428E-4
77.0	39.89431398821067	10.354254756944774	10.446765244070875	39.30438698653261	2.790242410680155E-4
78.0	39.68999850137011	10.461162183288854	10.386551624729682	39.462231875718096	5.581489325541202E-5
79.0	39.48461470179871	10.623788886140922	10.39634651855185	39.49520802267501	4.1870833503142825E-5
80.0	39.34715152929863	10.663849715182248	10.364945344197947	39.62384399676887	2.0941455230100522E-4
81.0	39.30281844936268	10.677839990414405	10.342707310104283	39.67479086676165	0.0018433833569854313
82.0	39.20609941908964	10.704531905371452	10.333619774977553	39.75570699589949	4.190466186569612E-5
83.0	39.336787269427134	10.613532827853827	10.30906878962098	39.739772869520124	8.382435779365349E-4
84.0	39.437285111727235	10.587041994369972	10.340445343937214	39.63492014253644	3.074074291432862E-4
85.0	39.607411763587855	10.450739829131308	10.342556344574948	39.598984604152704	3.0745855318949116E-4
86.0	39.66123012315321	10.38731493681035	10.33319271620024	39.61803857829649	2.236455397112009E-4
87.0	39.43908522280847	10.448720637290677	10.318715240787498	39.79331113217518	1.6776693816949494E-4
88.0	39.48609128168843	10.538631599701871	10.330682522125441	39.64167203867285	0.0029225578114097216
89.0	39.49330532801389	10.553147954754698	10.358522547816388	39.59445067209689	5.734973181307121E-4
90.0	39.38944876702269	10.618317600491899	10.33725905719377	39.654792660376884	1.819149147560703E-4
91.0	39.41236919992496	10.589772883187868	10.331742871623419	39.666003040917985	1.1200434576861581E-4
92.0	39.247966426247146	10.595132870424196	10.288223272180206	39.867668873819675	0.0010085573287798837
93.0	39.15206158406429	10.593323422841666	10.301810346373925	39.952650495973025	1.5415074709860266E-4
94.0	39.137826185817374	10.604682120841098	10.232771481449188	40.02312210360396	0.0015981082883783602
95.0	39.20603345136684	10.507581498373089	10.147451210913902	40.13743341333736	0.0015004260088051168
96.0	39.36886545815474	10.47330251316506	10.081541872478116	40.07605169686263	2.3845933945640808E-4
97.0	39.67127428047837	10.392276271607399	10.113967229861041	39.82189287753925	5.893405139329919E-4
98.0	39.68882885685392	10.415682848176289	10.20715076245114	39.68597917570938	0.0023583568092780003
99.0	39.63543695906637	10.520141811657693	10.39445124388577	39.44987166893309	9.831645707938886E-5
100.0	39.50332233384115	10.52413891965124	10.392819598958889	39.578819700146724	8.994474020023947E-4
101.0	39.27941993798631	10.5505402571453	10.34473738687452	39.8247539478599	5.484701339729714E-4
102.0	39.054423486173256	10.590292583620348	10.226522706732718	40.1273257897067	0.00143543376697506
103.0	38.99783699748213	10.549073119624177	10.137285882465598	40.315620933808745	1.830666193509866E-4
104.0	39.09794237152292	10.571307955520911	10.10995210872115	40.22043120750614	3.663567288740392E-4
105.0	39.450733442868774	10.480762262889	10.113230168507311	39.9548511726937	4.22953041215646E-4
106.0	39.56375658099094	10.418201326058565	10.206957899996304	39.803762968371466	0.0073212245827254645
107.0	39.63392084860557	10.331949516369804	10.330298082417	39.7036339451261	1.9760748153216937E-4
108.0	39.50595191014791	10.378498548039005	10.414416221285636	39.699466672692964	0.0016666478344877457
109.0	39.2924121593161	10.476102301992723	10.49022296225727	39.741149498073426	1.1307836047685146E-4
110.0	39.04328519654371	10.615869663693237	10.45091493287361	39.887298853550476	0.002631353338975181
111.0	38.88472086159497	10.668148464093743	10.402390701154708	40.043635422322176	0.00110455083440319
112.0	38.848677645276446	10.671726375425816	10.321349434588745	40.1571125470042	0.0011339977047886455
113.0	38.99367116442913	10.570574106677979	10.286492951172487	40.138976178552326	0.010285599168072364
114.0	39.10822698902197	10.563681642898926	10.233417954440904	40.09427586481068	3.9754882751492226E-4
115.0	39.40018187501776	10.422418937736225	10.323595441757368	39.85288016141408	9.235840745687573E-4
116.0	39.39263933145021	10.393874205522634	10.329698863642827	39.88361695810301	1.7064128131125312E-4
117.0	39.45662705885836	10.341785288940404	10.404692477780383	39.795486167250004	0.001409007170850232
118.0	39.44262688349759	10.386285279921639	10.434577350363671	39.73538509578497	0.0011253904321299822
119.0	39.333679954640715	10.428158123202484	10.421099255382137	39.81686302202823	1.996447464340596E-4
120.0	39.182015548507266	10.590785587444218	10.436282934625101	39.79043043125374	4.8549816967190034E-4
121.0	39.01908167644114	10.692747818623944	10.456429695322557	39.83164068087541	1.0012873694750392E-4
122.0	38.973033979072646	10.70922294848027	10.432803102208979	39.88463896859062	3.0100164748235057E-4
123.0	39.11650154408358	10.633437631863243	10.372935465033278	39.87514337098249	0.0019819880374095933
124.0	39.20334157180343	10.640759454414006	10.383478678895006	39.77237714145322	4.3153434337302776E-5
125.0	39.46555250589681	10.467335159288101	10.345884876134537	39.72108344079468	1.4401788586928187E-4
126.0	39.62635147701894	10.341453849736086	10.281274464996043	39.75048767793216	4.325303167707863E-4
127.0	39.551289750018185	10.306192208956016	10.27336672275196	39.86900696697126	1.4435130256841385E-4
128.0	39.447822983748225	10.364015005551778	10.276091398923409	39.91183934797483	2.3126380175141856E-4
129.0	39.153057720691905	10.512053058820872	10.313513867198923	40.02063707412149	7.382791668041893E-4
130.0	38.95141889700836	10.639015592523432	10.339277623954441	40.06917119290143	0.0011166936123385071
131.0	39.070668050290806	10.590350820826586	10.462853093833385	39.8748923102152	0.0012357248340276168
132.0	38.94814137976908	10.642138294321796	10.446395021273716	39.961881189274216	0.0014441153611863802
133.0	39.11526693713655	10.553511957539001	10.451426471786139	39.878241668341715	0.001552965196584883
134.0	39.46191654292669	10.450341899162414	10.321165601187904	39.76460357478036	0.0019723819426372452
135.0	39.35498897237685	10.339409018710013	10.271502387298636	40.029976455093546	0.004123166520951893
136.0	39.40677048684877	10.377608912871779	10.285250928102837	39.928145250578126	0.002224421598481224
137.0	39.34468170224343	10.421893692088476	10.342463245745032	39.889562360118624	0.0013989998044376868
138.0	39.24631141132783	10.571407985367324	10.393447465247247	39.78717386735342	0.0016592707041855179
139.0	39.68291380662168	10.594933451342758	10.48365324950816	39.23653033050656	0.0019691620208472627
140.0	40.391278772123	10.479003302082578	10.444020663219971	38.684122968138404	0.0015742944360498895
141.0	41.61442183299847	9.990546172955279	10.05507762394831	38.33797019587158	0.0019841742263704693
142.0	42.06175217524524	9.356426115568613	9.686974087982914	38.89292296606294	0.0019246551402919627
143.0	39.94961918515346	9.631420804831887	9.465653976773075	40.949951246877795	0.0033547863637874422
144.0	37.34661886957304	10.570218198809208	9.402179073635164	42.67900954845034	0.001974309532248466
145.0	36.5517179222514	10.591181686627504	9.364769754651205	43.488599047749155	0.0037315887207354896
146.0	39.044660594415255	10.46794901657223	10.219036910209768	40.25180932713643	0.01654415166631675
147.0	40.85168865054773	8.72418471611559	10.712843763764072	39.70803100667372	0.00325186289888445
148.0	34.118974146286604	11.80258647644914	12.995682271897257	41.07398123523948	0.008775870127523145
149.0	39.68606831906312	10.20042342700022	15.414430736320966	34.68214897576575	0.01692854184994974
