#Coverage	Number of genomic locations
0.0	2.681171941E9
1.0	1.92230267E8
2.0	2.28332742E8
3.0	2.0153283E7
4.0	1.3220653E7
5.0	1230442.0
6.0	599445.0
7.0	69359.0
8.0	35711.0
9.0	10811.0
10.0	9771.0
11.0	5843.0
12.0	6274.0
13.0	4224.0
14.0	4419.0
15.0	2987.0
16.0	3394.0
17.0	2437.0
18.0	2391.0
19.0	2512.0
20.0	2267.0
21.0	2201.0
22.0	1820.0
23.0	1591.0
24.0	2100.0
25.0	1559.0
26.0	1612.0
27.0	1409.0
28.0	1298.0
29.0	1113.0
30.0	1117.0
31.0	1199.0
32.0	1291.0
33.0	1140.0
34.0	977.0
35.0	858.0
36.0	932.0
37.0	850.0
38.0	793.0
39.0	673.0
40.0	720.0
41.0	714.0
42.0	647.0
43.0	720.0
44.0	851.0
45.0	873.0
46.0	811.0
47.0	930.0
48.0	833.0
49.0	799.0
50.0	714.0
51.0	606.0
52.0	591.0
53.0	590.0
54.0	628.0
55.0	636.0
56.0	616.0
57.0	622.0
58.0	538.0
59.0	548.0
60.0	412.0
61.0	401.0
62.0	449.0
63.0	378.0
64.0	390.0
65.0	370.0
66.0	359.0
67.0	369.0
68.0	307.0
69.0	352.0
70.0	406.0
71.0	340.0
72.0	316.0
73.0	336.0
74.0	305.0
75.0	268.0
76.0	267.0
77.0	247.0
78.0	266.0
79.0	325.0
80.0	264.0
81.0	319.0
82.0	278.0
83.0	267.0
84.0	237.0
85.0	246.0
86.0	313.0
87.0	262.0
88.0	234.0
89.0	202.0
90.0	243.0
91.0	181.0
92.0	202.0
93.0	245.0
94.0	163.0
95.0	175.0
96.0	180.0
97.0	196.0
98.0	156.0
99.0	158.0
100.0	152.0
101.0	195.0
102.0	161.0
103.0	173.0
104.0	135.0
105.0	125.0
106.0	135.0
107.0	149.0
108.0	134.0
109.0	142.0
110.0	112.0
111.0	137.0
112.0	130.0
113.0	145.0
114.0	123.0
115.0	104.0
116.0	116.0
117.0	98.0
118.0	95.0
119.0	111.0
120.0	105.0
121.0	105.0
122.0	103.0
123.0	95.0
124.0	84.0
125.0	96.0
126.0	65.0
127.0	66.0
128.0	85.0
129.0	87.0
130.0	73.0
131.0	78.0
132.0	74.0
133.0	84.0
134.0	77.0
135.0	68.0
136.0	59.0
137.0	65.0
138.0	93.0
139.0	74.0
140.0	74.0
141.0	67.0
142.0	99.0
143.0	52.0
144.0	53.0
145.0	53.0
146.0	49.0
147.0	68.0
148.0	55.0
149.0	72.0
150.0	50.0
151.0	52.0
152.0	62.0
153.0	45.0
154.0	47.0
155.0	51.0
156.0	50.0
157.0	38.0
158.0	31.0
159.0	34.0
160.0	33.0
161.0	35.0
162.0	50.0
163.0	62.0
164.0	34.0
165.0	47.0
166.0	38.0
167.0	47.0
168.0	42.0
169.0	35.0
170.0	26.0
171.0	34.0
172.0	26.0
173.0	17.0
174.0	18.0
175.0	22.0
176.0	18.0
177.0	38.0
178.0	63.0
179.0	40.0
180.0	40.0
181.0	45.0
182.0	47.0
183.0	29.0
184.0	27.0
185.0	27.0
186.0	30.0
187.0	22.0
188.0	20.0
189.0	25.0
190.0	26.0
191.0	26.0
192.0	24.0
193.0	15.0
194.0	15.0
195.0	12.0
196.0	21.0
197.0	22.0
198.0	23.0
199.0	18.0
200.0	17.0
201.0	30.0
202.0	25.0
203.0	19.0
204.0	21.0
205.0	19.0
206.0	22.0
207.0	26.0
208.0	27.0
209.0	22.0
210.0	18.0
211.0	18.0
212.0	27.0
213.0	24.0
214.0	44.0
215.0	37.0
216.0	28.0
217.0	17.0
218.0	16.0
219.0	9.0
220.0	5.0
221.0	8.0
222.0	13.0
223.0	9.0
224.0	11.0
225.0	5.0
226.0	9.0
227.0	14.0
228.0	10.0
229.0	9.0
230.0	11.0
231.0	10.0
232.0	11.0
233.0	14.0
234.0	7.0
235.0	10.0
236.0	8.0
237.0	6.0
238.0	15.0
239.0	10.0
240.0	10.0
241.0	11.0
242.0	10.0
243.0	17.0
244.0	9.0
245.0	14.0
246.0	8.0
247.0	20.0
248.0	6.0
249.0	10.0
250.0	14.0
251.0	14.0
252.0	10.0
253.0	5.0
254.0	18.0
255.0	9.0
256.0	13.0
257.0	18.0
258.0	21.0
259.0	24.0
260.0	20.0
261.0	15.0
262.0	11.0
263.0	9.0
264.0	16.0
265.0	9.0
266.0	13.0
267.0	6.0
268.0	8.0
269.0	5.0
270.0	6.0
271.0	8.0
272.0	8.0
273.0	7.0
274.0	12.0
275.0	4.0
276.0	8.0
277.0	12.0
278.0	5.0
279.0	8.0
280.0	12.0
281.0	12.0
282.0	9.0
283.0	13.0
284.0	4.0
285.0	12.0
286.0	8.0
287.0	7.0
288.0	9.0
289.0	27.0
290.0	34.0
291.0	18.0
292.0	17.0
293.0	9.0
294.0	6.0
295.0	6.0
296.0	10.0
297.0	15.0
298.0	8.0
299.0	11.0
300.0	12.0
301.0	5.0
302.0	6.0
303.0	3.0
304.0	4.0
305.0	1.0
306.0	9.0
307.0	10.0
308.0	22.0
309.0	6.0
310.0	5.0
311.0	5.0
312.0	8.0
313.0	3.0
314.0	5.0
315.0	5.0
316.0	3.0
317.0	3.0
318.0	3.0
319.0	6.0
320.0	7.0
321.0	5.0
322.0	9.0
323.0	4.0
324.0	10.0
325.0	3.0
326.0	8.0
327.0	8.0
328.0	9.0
329.0	8.0
330.0	6.0
331.0	8.0
332.0	7.0
333.0	2.0
334.0	4.0
335.0	5.0
336.0	10.0
337.0	8.0
338.0	7.0
339.0	5.0
340.0	8.0
341.0	7.0
342.0	12.0
343.0	9.0
344.0	14.0
345.0	7.0
346.0	13.0
347.0	21.0
348.0	17.0
349.0	15.0
350.0	6.0
351.0	11.0
352.0	14.0
353.0	12.0
354.0	13.0
355.0	8.0
356.0	7.0
357.0	12.0
358.0	10.0
359.0	5.0
360.0	3.0
361.0	7.0
362.0	6.0
363.0	10.0
364.0	13.0
365.0	13.0
366.0	8.0
367.0	5.0
368.0	6.0
369.0	9.0
370.0	4.0
371.0	2.0
372.0	10.0
373.0	11.0
374.0	6.0
375.0	8.0
376.0	11.0
377.0	8.0
378.0	6.0
379.0	5.0
380.0	7.0
381.0	13.0
382.0	13.0
383.0	6.0
384.0	8.0
385.0	14.0
386.0	8.0
387.0	5.0
388.0	7.0
389.0	5.0
390.0	3.0
391.0	3.0
393.0	2.0
394.0	6.0
395.0	4.0
396.0	5.0
397.0	1.0
398.0	4.0
399.0	9.0
400.0	12.0
401.0	5.0
402.0	4.0
403.0	6.0
404.0	7.0
405.0	2.0
406.0	3.0
407.0	4.0
408.0	1.0
409.0	5.0
411.0	3.0
412.0	4.0
413.0	2.0
414.0	6.0
415.0	1.0
416.0	4.0
417.0	7.0
418.0	8.0
419.0	7.0
420.0	2.0
421.0	3.0
422.0	5.0
423.0	2.0
424.0	6.0
425.0	3.0
426.0	5.0
427.0	10.0
428.0	3.0
429.0	6.0
430.0	3.0
432.0	4.0
433.0	5.0
434.0	4.0
435.0	5.0
436.0	4.0
437.0	3.0
438.0	5.0
439.0	5.0
440.0	4.0
441.0	5.0
442.0	4.0
443.0	2.0
444.0	1.0
445.0	2.0
446.0	1.0
447.0	4.0
448.0	1.0
449.0	3.0
450.0	2.0
451.0	3.0
452.0	4.0
453.0	3.0
454.0	2.0
455.0	1.0
456.0	3.0
457.0	4.0
458.0	1.0
459.0	3.0
460.0	2.0
461.0	3.0
462.0	3.0
463.0	6.0
464.0	4.0
465.0	4.0
466.0	2.0
467.0	6.0
468.0	8.0
469.0	4.0
470.0	4.0
471.0	2.0
472.0	7.0
473.0	4.0
474.0	5.0
476.0	1.0
477.0	2.0
478.0	3.0
479.0	5.0
480.0	5.0
481.0	1.0
482.0	3.0
483.0	1.0
484.0	4.0
485.0	6.0
487.0	3.0
488.0	2.0
489.0	1.0
490.0	4.0
491.0	2.0
492.0	3.0
493.0	4.0
494.0	4.0
495.0	3.0
496.0	3.0
497.0	1.0
498.0	6.0
499.0	3.0
500.0	2.0
501.0	3.0
502.0	7.0
503.0	6.0
504.0	4.0
505.0	5.0
506.0	3.0
507.0	4.0
508.0	3.0
509.0	3.0
510.0	5.0
511.0	5.0
512.0	1.0
513.0	2.0
514.0	3.0
515.0	2.0
517.0	1.0
518.0	2.0
519.0	4.0
520.0	3.0
521.0	3.0
522.0	3.0
525.0	2.0
528.0	2.0
529.0	1.0
531.0	3.0
533.0	1.0
534.0	1.0
536.0	2.0
538.0	2.0
542.0	2.0
543.0	1.0
544.0	1.0
545.0	2.0
546.0	1.0
547.0	1.0
548.0	2.0
549.0	2.0
551.0	2.0
552.0	1.0
555.0	1.0
556.0	2.0
557.0	5.0
558.0	5.0
560.0	1.0
561.0	1.0
566.0	2.0
567.0	1.0
569.0	4.0
570.0	1.0
571.0	1.0
572.0	2.0
573.0	1.0
574.0	1.0
577.0	1.0
578.0	1.0
580.0	3.0
582.0	1.0
583.0	1.0
584.0	1.0
586.0	1.0
587.0	2.0
589.0	1.0
592.0	1.0
593.0	2.0
594.0	2.0
595.0	3.0
596.0	2.0
598.0	2.0
599.0	1.0
600.0	2.0
601.0	1.0
602.0	1.0
603.0	1.0
604.0	1.0
605.0	3.0
607.0	2.0
608.0	3.0
609.0	3.0
612.0	4.0
613.0	1.0
614.0	1.0
615.0	1.0
616.0	2.0
617.0	2.0
618.0	2.0
619.0	2.0
620.0	1.0
622.0	3.0
624.0	2.0
625.0	1.0
627.0	2.0
628.0	4.0
630.0	1.0
631.0	6.0
632.0	3.0
633.0	1.0
634.0	5.0
635.0	3.0
636.0	5.0
637.0	3.0
639.0	3.0
640.0	2.0
641.0	4.0
642.0	4.0
643.0	7.0
645.0	1.0
646.0	4.0
648.0	3.0
649.0	3.0
650.0	3.0
651.0	3.0
652.0	1.0
653.0	3.0
654.0	5.0
656.0	4.0
657.0	2.0
658.0	3.0
659.0	1.0
660.0	1.0
661.0	2.0
662.0	6.0
664.0	1.0
665.0	4.0
666.0	2.0
667.0	4.0
668.0	6.0
669.0	1.0
670.0	4.0
671.0	2.0
673.0	1.0
674.0	4.0
675.0	3.0
676.0	4.0
677.0	3.0
679.0	2.0
680.0	2.0
681.0	5.0
682.0	4.0
683.0	7.0
684.0	2.0
685.0	5.0
686.0	9.0
687.0	10.0
688.0	7.0
689.0	7.0
690.0	8.0
691.0	6.0
692.0	3.0
693.0	3.0
694.0	2.0
695.0	5.0
696.0	4.0
697.0	1.0
698.0	5.0
700.0	2.0
701.0	2.0
702.0	5.0
703.0	2.0
704.0	4.0
705.0	3.0
706.0	8.0
707.0	5.0
708.0	3.0
709.0	5.0
710.0	3.0
711.0	1.0
712.0	2.0
713.0	3.0
714.0	3.0
715.0	3.0
716.0	1.0
717.0	3.0
718.0	1.0
719.0	3.0
720.0	2.0
721.0	4.0
722.0	2.0
723.0	2.0
724.0	2.0
725.0	1.0
726.0	3.0
727.0	3.0
728.0	1.0
729.0	2.0
730.0	2.0
731.0	4.0
732.0	3.0
733.0	1.0
734.0	1.0
736.0	3.0
737.0	1.0
739.0	2.0
740.0	1.0
741.0	1.0
742.0	1.0
743.0	5.0
744.0	6.0
745.0	3.0
746.0	2.0
748.0	6.0
749.0	1.0
750.0	2.0
751.0	2.0
752.0	1.0
753.0	2.0
754.0	2.0
755.0	6.0
756.0	4.0
757.0	2.0
759.0	2.0
760.0	2.0
761.0	1.0
764.0	1.0
765.0	1.0
766.0	3.0
767.0	1.0
768.0	5.0
769.0	5.0
770.0	4.0
771.0	1.0
772.0	7.0
773.0	5.0
774.0	2.0
775.0	5.0
776.0	4.0
779.0	2.0
780.0	2.0
781.0	1.0
783.0	2.0
784.0	3.0
786.0	1.0
787.0	1.0
788.0	4.0
789.0	3.0
790.0	3.0
791.0	2.0
792.0	2.0
793.0	1.0
796.0	1.0
797.0	2.0
798.0	1.0
799.0	1.0
800.0	1.0
801.0	1.0
803.0	1.0
804.0	1.0
805.0	2.0
806.0	1.0
809.0	1.0
810.0	2.0
812.0	1.0
813.0	1.0
815.0	2.0
817.0	1.0
818.0	1.0
821.0	1.0
822.0	1.0
823.0	1.0
826.0	1.0
829.0	1.0
830.0	2.0
833.0	1.0
834.0	3.0
835.0	3.0
836.0	1.0
837.0	5.0
838.0	3.0
840.0	1.0
844.0	2.0
845.0	5.0
848.0	2.0
849.0	1.0
850.0	3.0
851.0	2.0
852.0	1.0
855.0	1.0
856.0	3.0
858.0	3.0
859.0	1.0
860.0	3.0
861.0	1.0
862.0	4.0
863.0	1.0
864.0	1.0
866.0	2.0
867.0	1.0
868.0	1.0
869.0	2.0
870.0	2.0
871.0	2.0
872.0	1.0
874.0	2.0
875.0	2.0
876.0	3.0
877.0	2.0
878.0	2.0
879.0	1.0
880.0	2.0
881.0	2.0
885.0	2.0
886.0	2.0
887.0	1.0
888.0	1.0
891.0	1.0
893.0	1.0
894.0	1.0
896.0	1.0
897.0	2.0
898.0	2.0
899.0	1.0
901.0	1.0
902.0	4.0
903.0	2.0
904.0	2.0
905.0	3.0
906.0	4.0
907.0	6.0
908.0	2.0
909.0	3.0
910.0	2.0
912.0	1.0
914.0	1.0
916.0	1.0
919.0	2.0
921.0	1.0
924.0	1.0
927.0	1.0
928.0	2.0
929.0	1.0
930.0	2.0
931.0	1.0
934.0	3.0
937.0	1.0
940.0	1.0
941.0	1.0
943.0	1.0
946.0	1.0
947.0	1.0
948.0	2.0
949.0	2.0
950.0	2.0
954.0	1.0
957.0	1.0
958.0	2.0
962.0	1.0
964.0	2.0
967.0	1.0
971.0	3.0
973.0	1.0
976.0	1.0
978.0	3.0
979.0	1.0
980.0	1.0
983.0	1.0
984.0	1.0
988.0	1.0
990.0	1.0
993.0	1.0
996.0	1.0
997.0	1.0
999.0	2.0
1002.0	2.0
1003.0	1.0
1004.0	3.0
1005.0	1.0
1006.0	1.0
1007.0	1.0
1011.0	1.0
1015.0	1.0
1018.0	1.0
1019.0	1.0
1022.0	2.0
1023.0	3.0
1024.0	1.0
1025.0	5.0
1026.0	2.0
1027.0	1.0
1028.0	1.0
1030.0	3.0
1031.0	1.0
1032.0	1.0
1034.0	1.0
1035.0	1.0
1041.0	1.0
1042.0	4.0
1043.0	1.0
1045.0	1.0
1048.0	2.0
1049.0	2.0
1050.0	1.0
1055.0	1.0
1073.0	1.0
1107.0	1.0
1110.0	1.0
1118.0	1.0
1123.0	1.0
1129.0	1.0
1130.0	1.0
1138.0	1.0
1142.0	1.0
1157.0	1.0
1163.0	1.0
1176.0	1.0
1181.0	1.0
1186.0	1.0
1197.0	1.0
1198.0	1.0
1205.0	1.0
1213.0	1.0
1226.0	1.0
1235.0	1.0
1241.0	1.0
1246.0	1.0
1251.0	1.0
1254.0	1.0
1262.0	1.0
1272.0	1.0
1278.0	1.0
1302.0	1.0
1309.0	1.0
1321.0	1.0
1328.0	1.0
1342.0	1.0
1348.0	1.0
1367.0	1.0
1371.0	1.0
1386.0	1.0
1406.0	1.0
1407.0	1.0
1412.0	1.0
1416.0	1.0
1418.0	1.0
1426.0	1.0
1434.0	1.0
1446.0	1.0
1447.0	1.0
1459.0	1.0
1473.0	1.0
1476.0	1.0
1502.0	1.0
1503.0	1.0
1518.0	1.0
1528.0	1.0
1537.0	1.0
1539.0	1.0
1552.0	1.0
1563.0	1.0
1569.0	2.0
1576.0	1.0
1580.0	1.0
1582.0	1.0
1584.0	1.0
1585.0	1.0
1589.0	1.0
1590.0	2.0
1595.0	1.0
1599.0	1.0
1603.0	1.0
1608.0	1.0
1621.0	1.0
1628.0	1.0
1632.0	1.0
1638.0	1.0
1643.0	1.0
1646.0	3.0
1654.0	1.0
1666.0	1.0
1669.0	1.0
1674.0	1.0
1680.0	1.0
1684.0	1.0
1686.0	1.0
1692.0	1.0
1695.0	1.0
1708.0	1.0
1717.0	1.0
1723.0	1.0
1726.0	1.0
1732.0	1.0
1735.0	1.0
1736.0	1.0
1737.0	1.0
1739.0	1.0
1743.0	1.0
1747.0	1.0
1752.0	1.0
1754.0	1.0
1755.0	1.0
1759.0	1.0
1763.0	1.0
1769.0	1.0
1774.0	1.0
1778.0	1.0
1779.0	1.0
1781.0	1.0
1793.0	1.0
1796.0	1.0
1801.0	1.0
1808.0	1.0
1809.0	1.0
1813.0	1.0
1814.0	1.0
1818.0	1.0
1820.0	1.0
1821.0	2.0
1824.0	1.0
1826.0	2.0
1828.0	1.0
1829.0	2.0
1833.0	1.0
1834.0	2.0
1835.0	1.0
1839.0	3.0
1841.0	1.0
1843.0	1.0
1851.0	2.0
1854.0	1.0
1856.0	1.0
1859.0	2.0
1860.0	1.0
1863.0	2.0
1868.0	2.0
1873.0	1.0
1875.0	1.0
1876.0	1.0
1880.0	1.0
1885.0	1.0
1889.0	1.0
1890.0	3.0
1891.0	1.0
1892.0	2.0
1893.0	1.0
1894.0	1.0
