#Insert size (bp)	insert size
21.0	2.0
22.0	17.0
23.0	24.0
24.0	21.0
25.0	31.0
26.0	20.0
27.0	18.0
28.0	8.0
29.0	12.0
30.0	22.0
31.0	6.0
32.0	13.0
33.0	9.0
34.0	11.0
35.0	5.0
36.0	9.0
37.0	3.0
38.0	4.0
39.0	2.0
40.0	1.0
41.0	1.0
42.0	5.0
44.0	2.0
45.0	1.0
46.0	3.0
47.0	3.0
48.0	4.0
49.0	5.0
50.0	3.0
51.0	2.0
52.0	2.0
53.0	2.0
54.0	4.0
55.0	3.0
56.0	6.0
57.0	4.0
58.0	2.0
59.0	1.0
60.0	6.0
61.0	5.0
62.0	8.0
63.0	8.0
64.0	10.0
65.0	8.0
66.0	12.0
67.0	5.0
68.0	8.0
69.0	13.0
70.0	12.0
71.0	16.0
72.0	26.0
73.0	16.0
74.0	29.0
75.0	18.0
76.0	17.0
77.0	25.0
78.0	24.0
79.0	35.0
80.0	24.0
81.0	50.0
82.0	34.0
83.0	27.0
84.0	46.0
85.0	65.0
86.0	59.0
87.0	65.0
88.0	79.0
89.0	83.0
90.0	105.0
91.0	126.0
92.0	118.0
93.0	140.0
94.0	162.0
95.0	183.0
96.0	188.0
97.0	229.0
98.0	238.0
99.0	259.0
100.0	271.0
101.0	308.0
102.0	302.0
103.0	340.0
104.0	388.0
105.0	424.0
106.0	431.0
107.0	483.0
108.0	500.0
109.0	553.0
110.0	623.0
111.0	664.0
112.0	754.0
113.0	887.0
114.0	894.0
115.0	955.0
116.0	967.0
117.0	1189.0
118.0	1235.0
119.0	1365.0
120.0	1610.0
121.0	1735.0
122.0	1794.0
123.0	1882.0
124.0	2109.0
125.0	2311.0
126.0	2497.0
127.0	2854.0
128.0	3070.0
129.0	3238.0
130.0	3511.0
131.0	3864.0
132.0	3981.0
133.0	4221.0
134.0	4396.0
135.0	4575.0
136.0	4782.0
137.0	5250.0
138.0	5810.0
139.0	6469.0
140.0	7216.0
141.0	8080.0
142.0	8796.0
143.0	9551.0
144.0	10203.0
145.0	10833.0
146.0	11981.0
147.0	12714.0
148.0	14274.0
149.0	10980.0
150.0	24119.0
151.0	18892.0
152.0	21297.0
153.0	21787.0
154.0	23070.0
155.0	23731.0
156.0	24452.0
157.0	25527.0
158.0	26696.0
159.0	28113.0
160.0	29829.0
161.0	31077.0
162.0	32049.0
163.0	33189.0
164.0	35045.0
165.0	37067.0
166.0	39221.0
167.0	40813.0
168.0	43337.0
169.0	45851.0
170.0	47976.0
171.0	50521.0
172.0	51872.0
173.0	52737.0
174.0	52967.0
175.0	52589.0
176.0	51985.0
177.0	51150.0
178.0	50236.0
179.0	48592.0
180.0	47117.0
181.0	45826.0
182.0	44009.0
183.0	41996.0
184.0	39553.0
185.0	37360.0
186.0	35096.0
187.0	32998.0
188.0	30834.0
189.0	29257.0
190.0	27270.0
191.0	25543.0
192.0	24067.0
193.0	22938.0
194.0	21727.0
195.0	20331.0
196.0	19345.0
197.0	18143.0
198.0	17262.0
199.0	16192.0
200.0	15266.0
201.0	14408.0
202.0	13741.0
203.0	13213.0
204.0	12420.0
205.0	11945.0
206.0	11485.0
207.0	10702.0
208.0	10378.0
209.0	9833.0
210.0	9555.0
211.0	9166.0
212.0	8818.0
213.0	8266.0
214.0	8060.0
215.0	7695.0
216.0	7335.0
217.0	7006.0
218.0	6784.0
219.0	6589.0
220.0	6365.0
221.0	6139.0
222.0	5807.0
223.0	5538.0
224.0	5378.0
225.0	5233.0
226.0	4991.0
227.0	4868.0
228.0	4778.0
229.0	4629.0
230.0	4398.0
231.0	4340.0
232.0	4296.0
233.0	4044.0
234.0	3976.0
235.0	3835.0
236.0	3940.0
237.0	3733.0
238.0	3684.0
239.0	3734.0
240.0	3609.0
241.0	3452.0
242.0	3364.0
243.0	3335.0
244.0	3251.0
245.0	3198.0
246.0	3234.0
247.0	3164.0
248.0	3182.0
249.0	3075.0
250.0	2962.0
251.0	3029.0
252.0	2890.0
253.0	2943.0
254.0	2916.0
255.0	2930.0
256.0	2846.0
257.0	2907.0
258.0	2910.0
259.0	2836.0
260.0	2820.0
261.0	2836.0
262.0	2823.0
263.0	2797.0
264.0	2702.0
265.0	2788.0
266.0	2684.0
267.0	2610.0
268.0	2595.0
269.0	2573.0
270.0	2681.0
271.0	2723.0
272.0	2661.0
273.0	2666.0
274.0	2604.0
275.0	2597.0
276.0	2624.0
277.0	2666.0
278.0	2664.0
279.0	2545.0
280.0	2598.0
281.0	2613.0
282.0	2621.0
283.0	2631.0
284.0	2590.0
285.0	2674.0
286.0	2576.0
287.0	2564.0
288.0	2641.0
289.0	2591.0
290.0	2605.0
291.0	2727.0
292.0	2816.0
293.0	2644.0
294.0	2766.0
295.0	2806.0
296.0	2778.0
297.0	2866.0
298.0	2778.0
299.0	2967.0
300.0	3021.0
301.0	2971.0
302.0	3096.0
303.0	3064.0
304.0	3074.0
305.0	3055.0
306.0	3165.0
307.0	3110.0
308.0	3226.0
309.0	3267.0
310.0	3307.0
311.0	3230.0
312.0	3338.0
313.0	3367.0
314.0	3466.0
315.0	3455.0
316.0	3468.0
317.0	3643.0
318.0	3552.0
319.0	3529.0
320.0	3593.0
321.0	3436.0
322.0	3505.0
323.0	3460.0
324.0	3399.0
325.0	3407.0
326.0	3399.0
327.0	3350.0
328.0	3280.0
329.0	3323.0
330.0	3216.0
331.0	3208.0
332.0	3165.0
333.0	3064.0
334.0	3066.0
335.0	3049.0
336.0	2976.0
337.0	3000.0
338.0	2886.0
339.0	2921.0
340.0	2822.0
341.0	2775.0
342.0	2705.0
343.0	2739.0
344.0	2726.0
345.0	2581.0
346.0	2513.0
347.0	2467.0
348.0	2482.0
349.0	2354.0
350.0	2380.0
351.0	2268.0
352.0	2302.0
353.0	2241.0
354.0	2212.0
355.0	2137.0
356.0	2091.0
357.0	2048.0
358.0	2027.0
359.0	2004.0
360.0	1971.0
361.0	1891.0
362.0	1950.0
363.0	1772.0
364.0	1813.0
365.0	1723.0
366.0	1695.0
367.0	1611.0
368.0	1567.0
369.0	1540.0
370.0	1523.0
371.0	1500.0
372.0	1452.0
373.0	1408.0
374.0	1387.0
375.0	1320.0
376.0	1359.0
377.0	1255.0
378.0	1203.0
379.0	1196.0
380.0	1154.0
381.0	1142.0
382.0	1068.0
383.0	1069.0
384.0	1006.0
385.0	996.0
386.0	958.0
387.0	930.0
388.0	913.0
389.0	800.0
390.0	847.0
391.0	790.0
392.0	805.0
393.0	721.0
394.0	704.0
395.0	706.0
396.0	699.0
397.0	634.0
398.0	628.0
399.0	666.0
400.0	582.0
401.0	569.0
402.0	536.0
403.0	540.0
404.0	541.0
405.0	528.0
406.0	478.0
407.0	456.0
408.0	423.0
