#Position (bp)	insert size
3921452.5	194.43677928383573
1.17643565E7	197.37410550840406
1.96072605E7	197.98121115768174
2.74501645E7	198.19505976095618
3.52930685E7	198.24502021866107
4.31359725E7	195.83393447550347
5.09788765E7	193.1853102574926
5.88217805E7	192.27182801371669
6.66646845E7	193.44769874476987
7.45075885E7	196.4842878864673
8.23504925E7	198.64015579846713
9.01933965E7	198.7992443324937
9.80363005E7	197.94458375125376
1.058792045E8	197.12847663419456
1.137221085E8	199.07835415535035
1.215650125E8	191.61065266316578
1.294079165E8	0.0
1.372508205E8	0.0
1.450937245E8	203.28609431680775
1.529366285E8	198.3499677002584
1.607795325E8	199.47507895098173
1.686224365E8	198.76486805829066
1.764653405E8	197.01251497803221
1.843082445E8	198.18003913894324
1.921511485E8	198.50240506329115
1.999940525E8	199.09875082182774
2.078369565E8	198.00444773906597
2.156798605E8	197.419792077905
2.235227645E8	198.0008318314155
2.313656685E8	196.99793729372936
2.392085725E8	196.2034515302683
2.46190323E8	199.10559350193833
2.50111775E8	195.79876373626374
2.548943805E8	195.52283200670297
2.627372845E8	197.93401576981603
2.705801885E8	198.13985919306796
2.784230925E8	197.59017076218242
2.862659965E8	197.29070691024623
2.941089005E8	198.20319978121154
3.019518045E8	196.70538243626063
3.097947085E8	197.41039809117166
3.176376125E8	198.47792706333973
3.254805165E8	197.00978683469634
3.333234205E8	197.60286879482493
3.411663245E8	198.55247853780116
3.490092285E8	197.13270560541415
3.568521325E8	197.18380481963777
3.646950365E8	195.91460170796583
3.725379405E8	197.36373333333333
3.803808445E8	197.01494746189138
3.882237485E8	197.33299427844884
3.960666525E8	199.60791046674296
4.039095565E8	198.24712717882505
4.117524605E8	198.19019184347604
4.195953645E8	198.74825263692972
4.274382685E8	197.4606528340081
4.352811725E8	198.99305204648812
4.431240765E8	198.3523481368045
4.509669805E8	198.28369636963697
4.588098845E8	198.12839917906618
4.666527885E8	197.89077134986226
4.744956925E8	196.96963799143634
4.823385965E8	196.71406404288334
4.893550215E8	196.97264815582264
4.932764735E8	197.14043887147335
4.980244045E8	196.23163171085608
5.058673085E8	197.8362724014337
5.137102125E8	196.89043544885712
5.215531165E8	197.3559743489072
5.293960205E8	198.93368942157375
5.372389245E8	199.31830946363382
5.450818285E8	197.42139360783185
5.529247325E8	198.4078335056877
5.607676365E8	197.8412306893418
5.686105405E8	196.4398932621748
5.764534445E8	197.8455603339236
5.842963485E8	198.76860197023686
5.921392525E8	196.77454871335297
5.999821565E8	197.02525317267018
6.078250605E8	196.26039215686274
6.156679645E8	198.27847222222223
6.235108685E8	198.02032913843175
6.313537725E8	197.9253872053872
6.391966765E8	197.6538020634314
6.470395805E8	198.69362838611218
6.548824845E8	197.11163895486936
6.627253885E8	198.90622250157134
6.705682925E8	197.42363301787591
6.784111965E8	197.84287454323996
6.862541005E8	199.0841750841751
6.903239885E8	206.85798816568047
6.942454405E8	197.46882591093117
7.019399085E8	195.19221034870642
7.097828125E8	196.58808390168576
7.176257165E8	197.11226805499933
7.254686205E8	197.0228423101882
7.333115245E8	194.16431861284204
7.411544285E8	198.40814558058926
7.489973325E8	197.92416874753582
7.568402365E8	196.8645407083392
7.646831405E8	198.41430680445578
7.725260445E8	197.6168318073498
7.803689485E8	197.55715730905413
7.882118525E8	196.13455354934456
7.960547565E8	197.97034371510114
8.038976605E8	197.2850057230065
8.117405645E8	199.10666325617086
8.195834685E8	198.09773555439875
8.274263725E8	198.99180647678503
8.352692765E8	198.2736579275905
8.431121805E8	197.65125114633827
8.509550845E8	197.08540231379175
8.587979885E8	196.54157332981947
8.666408925E8	196.39692585895116
8.744837965E8	196.1816826988213
8.800159745E8	196.88792805257697
8.839374265E8	195.87098560354374
8.901696045E8	197.18251719951436
8.980125085E8	197.44102835939572
9.058554125E8	197.1036811440678
9.136983165E8	197.2927547877327
9.215412205E8	199.14291272208533
9.293841245E8	196.99938775510205
9.372270285E8	197.86125920284337
9.450699325E8	197.3001899936669
9.529128365E8	197.8954670108082
9.607557405E8	198.493070083682
9.685986445E8	196.99724862431216
9.764415485E8	196.80808851583365
9.842844525E8	197.81068956677774
9.921273565E8	196.85721551176096
9.999702605E8	197.1313249869588
1.0078131645E9	199.05335385404643
1.0156560685E9	196.5808864265928
1.0234989725E9	198.15988530857456
1.0313418765E9	196.99684239428885
1.0391847805E9	196.2681740502169
1.0470276845E9	195.93586487172973
1.0548705885E9	197.3804570758863
1.0606670005E9	199.5583969465649
1.0645884525E9	198.3138586956522
1.0705563965E9	198.86746347941568
1.0783993005E9	198.9926451273969
1.0862422045E9	199.41737176097303
1.0940851085E9	198.93037974683546
1.1019280125E9	198.54586894586893
1.1097709165E9	197.1178677707336
1.1176138205E9	196.76534130085037
1.1254567245E9	197.36058184798196
1.1332996285E9	197.6431100039334
1.1411425325E9	197.23803936905227
1.1489854365E9	198.00655995801628
1.1568283405E9	197.1341623036649
1.1646712445E9	197.0291052364006
1.1725141485E9	199.16083730789614
1.1803570525E9	197.8171275646744
1.1881999565E9	197.8456893228832
1.1960428605E9	197.4999366366747
1.2038857645E9	198.76463878326996
1.2117286685E9	198.11259492013616
1.2195715725E9	199.4168262653899
1.2274144765E9	196.6611823759063
1.232496478E9	195.48777714610574
1.23641793E9	197.63744016124969
1.2431002845E9	198.7192200557103
1.2509431885E9	198.9784118166898
1.2587860925E9	196.4868574388191
1.2666289965E9	198.1506264996001
1.2744719005E9	197.0522007514761
1.2823148045E9	196.50573927302543
1.2901577085E9	196.69884249689954
1.2980006125E9	195.6474820143885
1.3058435165E9	197.3532458563536
1.3136864205E9	199.3711962224554
1.3215293245E9	199.56594094094095
1.3293722285E9	197.94665062174087
1.3372151325E9	199.12357357357357
1.3450580365E9	197.10968967701078
1.3529009405E9	198.00446871896722
1.3607438445E9	197.9205224399055
1.3685867485E9	197.9159051781221
1.3764296525E9	199.560448691317
1.3842725565E9	196.87099605089952
1.3904948495E9	196.60778044231282
1.3944163015E9	197.94022556390976
1.3999583645E9	197.33001893939394
1.4078012685E9	199.1277502750275
1.4156441725E9	197.64416159380187
1.4234870765E9	197.57204358939862
1.4313299805E9	197.35929473830348
1.4391728845E9	196.94318829564887
1.4470157885E9	197.55187223191518
1.4548586925E9	197.2010276172126
1.4627015965E9	196.29925507320831
1.4705445005E9	197.06953854020196
1.4783874045E9	197.98087323572088
1.4862303085E9	196.9717184527584
1.4940732125E9	199.9535532994924
1.5019161165E9	199.17438592203348
1.5097590205E9	196.5121951219512
1.5176019245E9	198.3242577466615
1.5254448285E9	198.00261403738074
1.5332877325E9	197.46922148461076
1.5381844485E9	196.48597285067873
1.5421059005E9	199.73207820419987
1.5489735405E9	198.15694372741353
1.5568164445E9	197.70434334321433
1.5646593485E9	198.3488220747104
1.5725022525E9	197.4811622410677
1.5803451565E9	200.61828952239912
1.5881880605E9	208.15463917525773
1.5960309645E9	0.0
1.6038738685E9	203.31986242476356
1.6117167725E9	199.6852358718403
1.6195596765E9	198.03882230328296
1.6274025805E9	198.57546160021408
1.6352454845E9	197.63984564813492
1.6430883885E9	197.80033622138885
1.6509312925E9	198.43450849202264
1.6587741965E9	198.11414527580558
1.6666171005E9	198.82988100484795
1.6744600045E9	197.61352657004832
1.6793773E9	200.38525963149078
1.683298752E9	197.5855685681904
1.6901458125E9	198.47370507399577
1.6979887165E9	197.76537460621833
1.7058316205E9	198.88937710002585
1.7136745245E9	199.37825461206333
1.7215174285E9	196.29113110539845
1.7293603325E9	199.77887323943662
1.7372032365E9	197.02506999236448
1.7450461405E9	197.6312983881203
1.7528890445E9	198.2225988700565
1.7607319485E9	197.8841904242259
1.7685748525E9	198.41712253829323
1.7764177565E9	198.21107219827587
1.7842606605E9	198.4484565278958
1.7921035645E9	196.91055756324212
1.7999464685E9	197.6657295850067
1.8077893725E9	196.46863837691097
1.8138093575E9	195.80283911671924
1.8177308095E9	198.15636042402826
1.8234751805E9	198.86788341051485
1.8313180845E9	198.8388625592417
1.8391609885E9	198.07410296411857
1.8470038925E9	197.93441583153623
1.8548467965E9	196.9904207119741
1.8626897005E9	198.58613718411553
1.8705326045E9	198.130138652396
1.8783755085E9	199.18485037406484
1.8862184125E9	199.41909937888198
1.8940613165E9	198.7985856113151
1.9019042205E9	198.14599973811707
1.9097471245E9	196.88282986792206
1.9175900285E9	198.39609718273456
1.9254329325E9	198.17326146969896
1.9332758365E9	197.05674365554606
1.9411187405E9	197.94109790303193
1.9479772995E9	195.99679003021149
1.9518987515E9	201.04764813683568
1.9568045485E9	198.47801875732708
1.9646474525E9	198.61111824367697
1.9724903565E9	198.9006414287511
1.9803332605E9	198.54326166754063
1.9881761645E9	197.83841856467555
1.9960190685E9	198.33497600829983
2.0038619725E9	199.60127834423983
2.0117048765E9	199.04446472812623
2.0195477805E9	199.95611890361602
2.0273906845E9	198.6989260585113
2.0352335885E9	196.93964957819597
2.0430764925E9	199.13459516298633
2.0509193965E9	197.77936697126208
2.0587623005E9	198.5211501244125
2.0666052045E9	197.58745087029757
2.0744481085E9	198.59695585996957
2.081567931E9	196.13582995951418
2.085489383E9	0.0
2.0901339165E9	0.0
2.0979768205E9	0.0
2.1058197245E9	196.66434916956354
2.1136626285E9	198.90293843903737
2.1215055325E9	197.46055880441844
2.1293484365E9	198.64923747276688
2.1371913405E9	199.8548387096774
2.1450342445E9	198.2935212009481
2.1528771485E9	199.05877137428752
2.1607200525E9	199.7713202006607
2.1685629565E9	200.21592248265026
2.1764058605E9	197.43832487309643
2.1842487645E9	197.91196478591436
2.1920916685E9	197.99164094650206
2.19797465E9	197.20193268910364
2.201896102E9	0.0
2.2077774765E9	0.0
2.2156203805E9	194.93867924528303
2.2234632845E9	198.7189365936878
2.2313061885E9	198.24074074074073
2.2391490925E9	198.13872010342598
2.2469919965E9	198.75581699346407
2.2548349005E9	198.58135072908672
2.2626778045E9	199.1514447884417
2.2705207085E9	201.21030734129647
2.2783636125E9	196.88809970517286
2.2862065165E9	197.63882590073067
2.2940494205E9	198.1294134811789
2.3018923245E9	197.59890710382513
2.306549748E9	196.1491154170177
2.3104712E9	0.0
2.3175781325E9	0.0
2.3254210365E9	202.38892733564015
2.3332639405E9	196.4112554112554
2.3411068445E9	198.0428384088591
2.3489497485E9	199.05897505422993
2.3567926525E9	199.71908396946566
2.3646355565E9	197.82901554404145
2.3724784605E9	200.1088481251686
2.3803213645E9	198.52855912743973
2.3881642685E9	198.12540287137415
2.3960071725E9	199.49957069261592
2.4038500765E9	198.53474598578575
2.40879432E9	199.71854885898185
2.412715772E9	198.24120469083155
2.4195358845E9	195.89522409992654
2.4273787885E9	198.041384995878
2.4352216925E9	197.68854961832062
2.4430645965E9	199.89924226909687
2.4509075005E9	0.0
2.4587504045E9	201.8734036083519
2.4665933085E9	198.2919486258804
2.4744362125E9	197.39824654622743
2.4822791165E9	198.18029556650245
2.4901220205E9	196.73683496199783
2.4971076685E9	198.18581792651534
2.5010291205E9	202.51541850220264
2.5058078285E9	198.81643878673583
2.5136507325E9	197.45816340880327
2.5214936365E9	198.53823013286538
2.5293365405E9	200.02694158075602
2.5371794445E9	199.56829936111956
2.5450223485E9	200.07593761604159
2.5528652525E9	198.91747700394217
2.5607081565E9	199.2004933534329
2.5685510605E9	197.8799454297408
2.5763939645E9	196.9123388581952
2.5808412455E9	201.39384615384614
2.5847626975E9	198.2532327586207
2.5920797725E9	198.33288245637766
2.5999226765E9	198.56016688625385
2.6077655805E9	198.03247753530167
2.6156084845E9	198.34645177411295
2.6234513885E9	197.60412077232084
2.6312942925E9	196.81178101178102
2.6391371965E9	197.99706520352174
2.6469801005E9	198.42716836734695
2.6548230045E9	196.8933240611961
2.6590943895E9	194.34669338677355
2.6630158415E9	200.25567782720674
2.6705088125E9	198.54547085201793
2.6783517165E9	200.95289007684596
2.6861946205E9	194.9304385396414
2.6940375245E9	198.58107487367937
2.7018804285E9	198.53191126279864
2.7097233325E9	200.72335520482355
2.716109045E9	197.70589834194075
2.720030497E9	196.88107673764563
2.7254091405E9	199.5680042378493
2.7332520445E9	197.49862114248194
2.7410949485E9	199.0242524459143
2.7489378525E9	198.9810614916998
2.7567807565E9	197.59090272918124
2.7646236605E9	198.63792110567232
2.7724665645E9	196.75803324099724
2.778993421E9	199.64272797726684
2.782914873E9	0.0
2.7881523725E9	203.5
2.7959952765E9	199.66288308740067
2.8038381805E9	199.04922014829967
2.8116810845E9	197.22856777820365
2.8195239885E9	199.9277108433735
2.8265870805E9	197.9623141169281
2.8305085325E9	0.0
2.8352097965E9	0.0
2.8430527005E9	199.0658783783784
2.8508956045E9	198.58174213493362
2.8587385085E9	197.99108708357684
2.8665814125E9	198.0339887212315
2.8744243165E9	198.21409595249258
2.8796895275E9	196.80353319057815
2.8836109795E9	199.54397098821397
2.8901101245E9	197.41721505659385
2.8979530285E9	199.28959039916515
2.9057959325E9	199.4638090349076
2.9136388365E9	197.15495815369007
2.9214817405E9	197.6278591621691
2.9293246445E9	201.6288869514676
2.9371675485E9	198.73048128342245
2.9450104525E9	197.86702888189876
2.9528533565E9	198.01690544412608
2.9606962605E9	199.16879063719117
2.9685391645E9	199.2540799099606
2.9763820685E9	198.7720569210867
2.9842249725E9	197.3450819672131
2.9920678765E9	196.72455552692605
2.9999107805E9	198.66738197424894
3.0077536845E9	198.50366876310272
3.0155965885E9	199.61349693251535
3.0234394925E9	196.21746160064671
3.0312823965E9	200.0135294117647
3.0357538475E9	203.371875
3.0396752995E9	202.6145584725537
3.0469682045E9	196.293
3.0548111085E9	197.2841163310962
3.0626540125E9	200.30385288966724
3.0704969165E9	0.0
3.0783398205E9	0.0
3.0861827245E9	0.0
3.0928907945E9	210.47376543209876
3.095685698E9	262.9580838323353
3.0957472E9	192.57894736842104
3.0960741645E9	201.08219178082192
3.0966431255E9	218.11111111111111
3.097033233E9	202.12707182320443
3.097223862E9	197.59550561797752
3.0976333385E9	140.0
3.0999444835E9	182.75
3.1038659355E9	213.61111111111111
3.106263621E9	193.92592592592592
3.1090424555E9	204.33333333333334
3.112490271E9	212.3684210526316
3.1148319025E9	184.38888888888889
3.1184476155E9	181.47368421052633
3.1211700535E9	0.0
3.1234760455E9	206.05405405405406
3.1273974975E9	201.23809523809524
3.129861781E9	179.17391304347825
3.1304963135E9	199.68801652892563
3.1306072185E9	198.0
3.130645263E9	193.0
3.130708893E9	186.20454545454547
3.1308388725E9	207.064039408867
3.131017327E9	0.0
3.1311289185E9	0.0
3.131167044E9	205.5
3.1320275095E9	207.61904761904762
3.1328866725E9	221.0
3.1329460765E9	196.03333333333333
3.1330740255E9	199.04712041884818
3.13318182E9	185.0
3.1332044515E9	275.75
3.133252927E9	199.4913043478261
3.133378856E9	212.0
3.1334722815E9	183.0
3.1335694055E9	202.11347517730496
3.1337461175E9	191.6993006993007
3.133921666E9	202.4
3.1340726445E9	200.36596736596738
3.134227776E9	194.6
3.1344001955E9	194.9904761904762
3.134572417E9	213.03773584905662
3.134739065E9	204.66666666666666
3.1349092375E9	198.41369047619048
3.1350797375E9	195.61085390946502
3.135238337E9	200.24657534246575
3.135409466E9	226.44444444444446
3.135593124E9	190.28571428571428
3.135773198E9	198.7056672760512
3.135968631E9	200.58426966292134
3.1360817215E9	203.91994572591588
3.1361534125E9	201.75
3.1362821595E9	211.09302325581396
3.136356676E9	189.58333333333334
3.136388478E9	194.45945945945945
3.1364240165E9	196.48648648648648
3.1364580355E9	196.21052631578948
3.136501332E9	212.6875
3.136544568E9	192.4090909090909
3.1365820705E9	199.39344262295083
3.1366202745E9	221.4
3.136664175E9	200.32142857142858
3.136707078E9	226.0
3.1367439595E9	218.0
3.136781838E9	191.7941176470588
3.1368238805E9	198.19642857142858
3.136866718E9	277.0
3.13691015E9	214.45833333333334
3.136951785E9	202.0
3.136990075E9	175.0
3.1370274775E9	214.9
3.1370647655E9	205.0
3.1371028695E9	210.1
3.1371420135E9	0.0
