# Position (bp)	A	C	G	T	N
0.0	30.81660777304202	4.737640166699379	33.0787110047708	30.560808081116647	0.8062329743711544
1.0	31.92566496846321	4.743787912691315	33.91216971139197	29.41337520419299	0.005002203260520092
2.0	33.48856710169289	4.950042881482912	31.642181327195264	29.918330440201522	8.782494274195581E-4
3.0	35.43541697373576	4.976123071001502	30.4499195447155	29.13510378235299	0.003436628194250445
4.0	39.067226557040776	5.274250566852729	26.347788300648457	29.30794708814493	0.0027874873131142493
5.0	40.3058446353852	6.227762151726371	22.581702016842534	30.88327836001048	0.0014128360354140716
6.0	40.786189795047136	7.194390200874737	18.905063527981408	33.11319184098645	0.0011646351102737617
7.0	40.52483422087438	8.213770492804846	16.353348001371597	34.907474513583466	5.727713657084074E-4
8.0	40.17443179171284	8.963050901045728	14.329154902579228	36.53303783422164	3.2457044056809757E-4
9.0	40.00130210023804	9.422260797313015	13.197606884864555	37.37743647392783	0.0013937436565571247
10.0	40.07868351174525	9.715156981357438	12.272008357879768	37.9333301767267	8.209722908487174E-4
11.0	40.20602967872108	9.951119691650446	11.509057806377312	38.33316277474888	6.300485022792482E-4
12.0	40.03333911196	10.070695260431503	11.036425967773592	38.859348736046336	1.9092378856946915E-4
13.0	40.11891115399684	10.086446472988484	10.711015462535789	39.08320687814404	4.2003233485283213E-4
14.0	40.055868119011194	10.106798948849988	10.592585436486148	39.24188363882412	0.002863856828542037
15.0	40.02682861076978	10.134864745769702	10.583325632740527	39.254828271689135	1.527390308555753E-4
16.0	40.06457424376997	10.178605385730966	10.58825146648562	39.16828251833059	2.863856828542037E-4
17.0	40.090558971394266	10.24162932833775	10.62326688930926	39.04395294721416	5.918637445653543E-4
18.0	40.01415127120877	10.274430035213983	10.663074499225996	39.04725592875641	0.0010882655948459743
19.0	40.08712234320002	10.280119564113352	10.709411702711805	38.923021819534256	3.2457044056809757E-4
20.0	39.97398090609375	10.31465767746557	10.644230321294188	39.06537459629165	0.0017564988548391162
21.0	40.0092559923386	10.347657210586044	10.506563201168149	39.134652541350306	0.0018710545568960961
22.0	39.90383862698834	10.360898218935425	10.437478306127131	39.297555737740595	2.2911020850174525E-4
23.0	39.84545611105531	10.340926751649514	10.421211522974428	39.391603721242106	8.01893078631726E-4
24.0	39.846959387990296	10.307959960011944	10.480349261603294	39.36299394145828	0.001737448936184837
25.0	39.88202773001328	10.313599880248256	10.525895741901389	39.2778083903357	6.682575013813837E-4
26.0	39.93165010075491	10.261439605671601	10.522921216421235	39.282671645159425	0.001317431992824005
27.0	39.95962902387547	10.248755781943268	10.606259639754336	39.183770806499226	0.0015847479277034176
28.0	39.89618914692568	10.291957284230183	10.542061820632718	39.26763419323673	0.0021575549746916892
29.0	39.87233325937787	10.327804748399297	10.487903698524416	39.31138548886792	5.728048305013226E-4
30.0	39.82793180204768	10.389525831996458	10.388189276163367	39.391909101983416	0.00244398780908331
31.0	39.77524807487785	10.431078431185355	10.38191215753065	39.41124580654646	5.155298596804097E-4
32.0	39.738556325926474	10.440314329662742	10.391109624341073	39.429236874544614	7.828455251022281E-4
33.0	39.64570581022308	10.443939857399425	10.415566383046485	39.494673386177496	1.145631535111888E-4
34.0	39.66042193022922	10.401404244659043	10.49712216149501	39.4400587787822	9.92884834524286E-4
35.0	39.82550779473365	10.316665947460253	10.571016796206562	39.286179360405285	6.301011942517968E-4
36.0	39.85798997791965	10.303774739194491	10.489998923096076	39.34785447896562	3.818808241599195E-4
37.0	39.84814491630117	10.33273314328376	10.510747093406248	39.30734376760234	0.001031079406480143
38.0	39.82191322040578	10.356883859420128	10.53081194572237	39.28956992848499	8.210459667358001E-4
39.0	39.70598512416325	10.37562308844123	10.547508238152394	39.3702916319313	5.91917311824713E-4
40.0	39.66590264751349	10.3918570477139	10.506879991201432	39.4336036550717	0.001756658499477585
41.0	39.640828119683476	10.393732240080318	10.45105279257254	39.5123437766721	0.002043070991561544
42.0	39.70422003802029	10.368433232694391	10.456075417341008	39.471023087891936	2.482240523760388E-4
43.0	39.78506470246337	10.352776023236826	10.485499514626506	39.37576233425316	8.974254201287557E-4
44.0	39.84638738257084	10.30044680363553	10.497116779958757	39.35402505155427	0.0020239822806079584
45.0	39.91867406960745	10.24349279901199	10.563702193424804	39.27113315173496	0.0029977862207997484
46.0	39.944707010932575	10.232926346790418	10.552620564607905	39.26911596901546	6.301086536449304E-4
47.0	39.8640033025369	10.27347510666988	10.567717090819382	39.29236043936572	0.0024440606081204677
48.0	39.74474421148183	10.31166021089984	10.58722846540637	39.35558424785256	7.828643593935512E-4
49.0	39.72528664346838	10.287869321740299	10.571056723786596	39.415462708089564	3.2460291516330967E-4
50.0	39.697683592755006	10.300617013565743	10.507217458615944	39.493718162623196	7.637724401116483E-4
51.0	39.77783370293583	10.284757496336754	10.434246971353547	39.501538811699014	0.0016230176748534223
52.0	39.79069548078976	10.26567101139283	10.440766110754048	39.50156898193179	0.0012984151315771886
53.0	39.811557812932605	10.252274615010073	10.498859112303448	39.43643011943519	8.783403186847808E-4
54.0	39.82727602192188	10.250972763388887	10.492574003149045	39.42860438002254	5.728315176483662E-4
55.0	39.76910280733591	10.293316805215676	10.510152877450576	39.426663733765935	7.637762318946844E-4
56.0	39.76549351686402	10.294673070688006	10.505838507608944	39.43160809955689	0.0023868052821337505
57.0	39.74432120872587	10.27045791215703	10.459264045606762	39.5239328195393	0.0020240139710428523
58.0	39.64429250319642	10.284122241418553	10.480623671977991	39.58977772482238	0.001183858584655054
59.0	39.65217457720002	10.278416913144845	10.465695774959855	39.60033300809034	0.003379726604940511
60.0	39.59493246455769	10.31360473788748	10.493226979348503	39.59638364881952	0.0018521693868097282
61.0	39.561783524138974	10.365752597051952	10.46643824473582	39.603657907861844	0.002367726211416565
62.0	39.582694458776025	10.43830963625872	10.360212591993163	39.61754216190186	0.0012411510702350205
63.0	39.505214568943096	10.475614362109413	10.341741489210163	39.676035667353695	0.0013939123836321844
64.0	39.46161933520437	10.4902236722361	10.310847467595233	39.73667939778172	6.301271825791602E-4
65.0	39.49307449920966	10.485692059342123	10.35792860904537	39.662999315259704	3.055171431397462E-4
66.0	39.47572234158667	10.471499309909726	10.401039068962435	39.65124281171878	4.964678223928374E-4
67.0	39.52932487147192	10.492366986519732	10.384957918559294	39.59214724188789	0.0012029815611569092
68.0	39.51411235347449	10.46348920712198	10.438264707162842	39.582949842007935	0.0011838902327528198
69.0	39.505085597598296	10.497091243637035	10.40984573833681	39.58610610076942	0.001871319658442153
70.0	39.460866310732264	10.512553180113501	10.371439701198415	39.654147857901215	9.92950054612253E-4
71.0	39.41200935059499	10.485353318747057	10.313743701886962	39.78830167393371	5.919548372830724E-4
72.0	39.36762985603144	10.526733880253696	10.362207118112114	39.7422261295843	0.001203016018444718
73.0	39.32196864960487	10.502008093479844	10.349625191528885	39.82530961608675	0.0010884492996497104
74.0	39.50792399563699	10.430950329517227	10.383573634955408	39.67703645312973	5.155867606485853E-4
75.0	39.61983837211079	10.38632961090148	10.440752990421485	39.55220061412487	8.784124413755175E-4
76.0	39.7057256527898	10.33598017674564	10.507252880547552	39.44989552536933	0.0011457645476769815
77.0	39.68285280090868	10.334467525057184	10.52189751332061	39.45969367275316	0.0010884879603683443
78.0	39.66188250274702	10.325341988342778	10.50880135172141	39.50349674654192	4.774106468685108E-4
79.0	39.554242811267315	10.377391279107071	10.48605106284164	39.58134091902115	9.739277628230003E-4
80.0	39.51385589381553	10.39262694424796	10.490765538324275	39.601414845720555	0.0013367778916797415
81.0	39.50820279482834	10.416096139589403	10.504974232228106	39.56975287918041	9.739541737373831E-4
82.0	39.50379674893943	10.362636216794918	10.498762299186337	39.633601600512726	0.0012031345665908246
83.0	39.57142758926778	10.352334907227819	10.460408061619459	39.6152565147544	5.729271305441203E-4
84.0	39.580529920869765	10.329347092478521	10.499242004378003	39.590575415885404	3.0556638830841885E-4
85.0	39.61644824543645	10.325110865803676	10.487694946200007	39.570192090999726	5.538515601425499E-4
86.0	39.64075218585392	10.335145169730746	10.471682257627092	39.55129355951367	0.0011268272745676993
87.0	39.57072064277499	10.377520293945642	10.422499110928268	39.62807579665984	0.0011841556912623443
88.0	39.530663097285874	10.425999333033085	10.392841985758384	39.6480699024112	0.0024256815114555197
89.0	39.60391255018661	10.447716151016339	10.327975001241533	39.61867725090059	0.0017190466549262147
90.0	39.499256770153444	10.470276727527086	10.311659902912139	39.71531106967412	0.0034955297332051258
91.0	39.51008382397157	10.436296494109476	10.322753427017824	39.72994935260968	9.169022914534392E-4
92.0	39.43371796351044	10.467042560458713	10.304935497206012	39.79273754243706	0.0015664363877824076
93.0	39.314267854829914	10.510529901297577	10.349827548723646	39.82334967739175	0.002025017757113257
94.0	39.281557545550555	10.509794840991452	10.305999941920268	39.90176883349917	8.78838038555771E-4
95.0	39.25953722127179	10.537285851250951	10.272490944545346	39.93003636702687	6.496159050429683E-4
96.0	39.32499293969641	10.517616747231195	10.265337482511656	39.89125030620126	8.025243594804686E-4
97.0	39.42217989322545	10.467368942432012	10.23588011806427	39.87300409204366	0.0015669542346173821
98.0	39.43039012474406	10.440248639595278	10.29596184254431	39.832042523899055	0.001356869217300503
99.0	39.417033279346434	10.526947513194425	10.29983177036368	39.755461156002504	7.26281092953659E-4
100.0	39.34913651721346	10.542866012029963	10.29712875821641	39.810390847625314	4.7786491485211804E-4
101.0	39.25704154807767	10.584688982043804	10.286769979919526	39.87077304475361	7.264452053851766E-4
102.0	39.162801742284586	10.614996174269756	10.239554571049794	39.98027674502818	0.002370767367687282
103.0	39.092412743393965	10.598811784254899	10.253227246739291	40.0548216051047	7.266205071428709E-4
104.0	39.12560131667171	10.591951488465543	10.243467990274132	40.036340047374786	0.0026391572138302548
105.0	39.17895973870671	10.571506391938406	10.305159685609512	39.9425570967004	0.0018170870449727128
106.0	39.24293490466813	10.550247756115086	10.370824962246413	39.835169775399166	8.226015712072616E-4
107.0	39.37245642802612	10.484252096563415	10.365489886939601	39.77726584787646	5.357405944041895E-4
108.0	39.347150457381254	10.500516706854977	10.365330883760095	39.78547096872967	0.0015309832740077315
109.0	39.24859264250153	10.597301472150496	10.397333246559846	39.75497336500566	0.001799273782475456
110.0	39.177491083784474	10.59011676662069	10.357456575330822	39.87428461586179	6.50958402226431E-4
111.0	39.175005419582966	10.578393980317912	10.327254718867271	39.91842665867964	9.192225522060958E-4
112.0	39.154571770965504	10.609947467465995	10.322535660211969	39.911795760618375	0.0011493407381525957
113.0	39.20686005274723	10.571175423254003	10.295195188520387	39.92609868990345	6.706455749272062E-4
114.0	39.171686527605594	10.657898872898425	10.312757078598104	39.85675666765569	9.008532421899858E-4
115.0	39.28448577688077	10.597517113799142	10.36771611360395	39.74899633430495	0.0012846614111871383
116.0	39.307934703047096	10.552999298723739	10.403786278003096	39.734876908369124	4.028118569396427E-4
117.0	39.26741668595255	10.530091156012993	10.413262852552625	39.78815466931334	0.001074636168492205
118.0	39.23584326443223	10.528263938831829	10.390072651218475	39.84503300425709	7.871412603705861E-4
119.0	39.1964810510747	10.552813046234224	10.348245327596475	39.899368049019415	0.0030925260751810376
120.0	39.19372254642338	10.638831538107592	10.297289536513858	39.869214591781386	9.417871737812601E-4
121.0	39.13611593743545	10.705310939872225	10.256517268795772	39.89919019043007	0.002865663466483469
122.0	39.050120500292735	10.785266977145938	10.204917859255811	39.957404368650444	0.0022902946550681525
123.0	39.077792847466206	10.72051899647431	10.222423208467205	39.97720415378991	0.002060793802364867
124.0	39.07288291226342	10.75225915980303	10.199583209013047	39.97382913419884	0.0014455847216729
125.0	39.110041976604215	10.76657458563536	10.236562085249545	39.88452575696781	0.0022955955430723173
126.0	39.084806042597066	10.747736632665474	10.26442154528762	39.90170353508147	0.0013322443683713601
127.0	39.01991873564036	10.73981335172192	10.237380523147046	40.00197904072186	9.083487688202135E-4
128.0	38.92583079630458	10.84111596246384	10.206594365861472	40.023595528225634	0.0028633471444690192
129.0	38.768774073484394	10.983222793355127	10.209559161066064	40.03582913118715	0.002614840907268444
130.0	38.6544043800383	11.044126620471031	10.195249812151626	40.10493906419895	0.0012801231400877543
131.0	38.704052855460624	11.0298594035734	10.17469948091717	40.089348603690105	0.002039656358696687
132.0	38.72744726767855	11.052288329430406	10.13692931849365	40.08133108885833	0.0020039955390670173
133.0	38.87162834787584	11.010971389727555	10.074712092616801	40.04103162557268	0.001656544207123374
134.0	38.8987063815698	11.017562943446556	10.018319623549697	40.0638102318143	0.0016008196196452586
135.0	38.8241657798121	11.124246075839658	9.974190283202876	40.07344759383742	0.0039502673079397635
136.0	38.66889012007746	11.344666885563983	9.977446784834648	40.0068607852249	0.0021354242990126895
137.0	38.37825731764145	11.68151177932111	9.907988959303232	40.0302398262005	0.002002117533720959
138.0	37.88660909081611	12.247830284205035	9.763681738825305	40.09995129891843	0.0019275872351239439
139.0	37.453460034278805	13.002269876798959	9.550101507691835	39.99121147232087	0.002957108909532576
140.0	36.995972165286304	13.872567990711747	9.228659176557045	39.899104499560615	0.0036961678842937374
141.0	36.183347685495754	15.02853780803626	8.783027814649355	40.0023907055079	0.0026959863107330387
142.0	34.68709813556781	16.946890352389737	8.104769053122377	40.25851778575159	0.0027246731684925957
143.0	33.031014459897214	19.288903381958736	7.1577848274056315	40.5180864464607	0.004210884277715601
144.0	31.00164564740682	22.693229370720136	6.28662947535575	40.014229161609144	0.004266344908147397
145.0	29.641025620392668	26.01957720196247	5.483189710321143	38.85007173774323	0.006135729580493128
146.0	29.51836717535128	29.594320216241826	5.254159732600024	35.625513107457586	0.007639768349288593
147.0	30.373541877252798	30.49564797691055	5.233254949248066	33.89253769424032	0.005017502348272355
148.0	29.914950325728242	32.60808106723492	5.075812604739218	32.39178002946384	0.00937597283378259
149.0	31.053484649553702	31.74849488099222	5.053977106899418	31.338702954497432	0.805340408057227
