#Insert size (bp)	insert size
15.0	1.0
16.0	4.0
17.0	1.0
18.0	1.0
19.0	5.0
20.0	1.0
21.0	2.0
22.0	1.0
25.0	3.0
26.0	4.0
27.0	3.0
28.0	1.0
29.0	3.0
30.0	4.0
31.0	6.0
32.0	2.0
33.0	5.0
34.0	3.0
35.0	7.0
36.0	9.0
37.0	9.0
38.0	11.0
39.0	14.0
40.0	16.0
41.0	17.0
42.0	24.0
43.0	21.0
44.0	24.0
45.0	48.0
46.0	28.0
47.0	60.0
48.0	61.0
49.0	93.0
50.0	68.0
51.0	75.0
52.0	80.0
53.0	68.0
54.0	72.0
55.0	94.0
56.0	95.0
57.0	105.0
58.0	133.0
59.0	143.0
60.0	191.0
61.0	152.0
62.0	173.0
63.0	124.0
64.0	171.0
65.0	166.0
66.0	200.0
67.0	216.0
68.0	212.0
69.0	266.0
70.0	300.0
71.0	301.0
72.0	299.0
73.0	279.0
74.0	327.0
75.0	412.0
76.0	448.0
77.0	400.0
78.0	441.0
79.0	504.0
80.0	596.0
81.0	656.0
82.0	521.0
83.0	559.0
84.0	573.0
85.0	644.0
86.0	669.0
87.0	622.0
88.0	575.0
89.0	613.0
90.0	724.0
91.0	891.0
92.0	893.0
93.0	776.0
94.0	685.0
95.0	721.0
96.0	770.0
97.0	773.0
98.0	836.0
99.0	945.0
100.0	946.0
101.0	1048.0
102.0	987.0
103.0	956.0
104.0	921.0
105.0	871.0
106.0	955.0
107.0	983.0
108.0	1133.0
109.0	1196.0
110.0	1363.0
111.0	1418.0
112.0	1404.0
113.0	1219.0
114.0	1170.0
115.0	1149.0
116.0	1217.0
117.0	1239.0
118.0	1335.0
119.0	1469.0
120.0	1795.0
121.0	2135.0
122.0	2468.0
123.0	2289.0
124.0	1890.0
125.0	1539.0
126.0	1429.0
127.0	1556.0
128.0	1702.0
129.0	1794.0
130.0	2057.0
131.0	2538.0
132.0	3205.0
133.0	3809.0
134.0	4114.0
135.0	3556.0
136.0	3255.0
137.0	3362.0
138.0	3896.0
139.0	4751.0
140.0	5769.0
141.0	6532.0
142.0	6873.0
143.0	7050.0
144.0	7098.0
145.0	7224.0
146.0	7125.0
147.0	7202.0
148.0	7627.0
149.0	8315.0
150.0	8876.0
151.0	9707.0
152.0	10163.0
153.0	10223.0
154.0	10093.0
155.0	10334.0
156.0	10753.0
157.0	11530.0
158.0	12920.0
159.0	14386.0
160.0	15498.0
161.0	16448.0
162.0	17016.0
163.0	18815.0
164.0	21178.0
165.0	23353.0
166.0	23992.0
167.0	24212.0
168.0	23165.0
169.0	22345.0
170.0	21049.0
171.0	19594.0
172.0	18535.0
173.0	18250.0
174.0	18039.0
175.0	17681.0
176.0	17340.0
177.0	16316.0
178.0	15044.0
179.0	13840.0
180.0	12410.0
181.0	11276.0
182.0	10319.0
183.0	9455.0
184.0	9123.0
185.0	8515.0
186.0	8052.0
187.0	7964.0
188.0	7410.0
189.0	6520.0
190.0	6226.0
191.0	5482.0
192.0	5191.0
193.0	4639.0
194.0	4270.0
195.0	3980.0
196.0	3602.0
197.0	3552.0
198.0	3307.0
199.0	2937.0
200.0	2861.0
201.0	2574.0
202.0	2370.0
203.0	2181.0
204.0	1936.0
205.0	1780.0
206.0	1674.0
207.0	1539.0
208.0	1472.0
209.0	1425.0
210.0	1318.0
211.0	1279.0
212.0	1112.0
213.0	1016.0
214.0	932.0
215.0	898.0
216.0	797.0
217.0	772.0
218.0	661.0
219.0	696.0
220.0	639.0
221.0	632.0
222.0	557.0
223.0	515.0
224.0	467.0
225.0	445.0
226.0	475.0
227.0	396.0
228.0	363.0
229.0	358.0
230.0	391.0
231.0	319.0
232.0	343.0
233.0	285.0
234.0	314.0
235.0	277.0
236.0	244.0
237.0	282.0
238.0	266.0
239.0	258.0
240.0	294.0
241.0	234.0
242.0	247.0
243.0	230.0
244.0	234.0
245.0	207.0
246.0	226.0
247.0	226.0
248.0	228.0
249.0	211.0
250.0	216.0
251.0	224.0
252.0	233.0
253.0	201.0
254.0	203.0
255.0	197.0
256.0	210.0
257.0	208.0
258.0	230.0
259.0	208.0
260.0	200.0
261.0	225.0
262.0	199.0
263.0	210.0
264.0	184.0
265.0	211.0
266.0	200.0
267.0	178.0
268.0	214.0
269.0	220.0
270.0	209.0
271.0	210.0
272.0	219.0
273.0	216.0
274.0	214.0
275.0	231.0
276.0	232.0
277.0	215.0
278.0	230.0
279.0	254.0
280.0	254.0
281.0	243.0
282.0	282.0
283.0	283.0
284.0	276.0
285.0	269.0
286.0	328.0
287.0	282.0
288.0	307.0
289.0	354.0
290.0	333.0
291.0	380.0
292.0	387.0
293.0	394.0
294.0	400.0
295.0	449.0
296.0	418.0
297.0	448.0
298.0	495.0
299.0	520.0
300.0	554.0
301.0	569.0
302.0	560.0
303.0	611.0
304.0	612.0
305.0	737.0
306.0	741.0
307.0	759.0
308.0	772.0
309.0	778.0
310.0	830.0
311.0	867.0
312.0	944.0
313.0	925.0
314.0	907.0
315.0	972.0
316.0	856.0
317.0	962.0
318.0	946.0
319.0	1031.0
320.0	1015.0
321.0	1033.0
322.0	1059.0
323.0	966.0
324.0	1030.0
325.0	956.0
326.0	996.0
327.0	910.0
328.0	1021.0
329.0	1011.0
330.0	1076.0
331.0	1058.0
332.0	1034.0
333.0	1039.0
334.0	1020.0
335.0	933.0
336.0	967.0
337.0	915.0
338.0	926.0
339.0	998.0
340.0	895.0
341.0	959.0
342.0	894.0
343.0	943.0
344.0	870.0
345.0	879.0
346.0	872.0
347.0	820.0
348.0	845.0
349.0	814.0
350.0	803.0
351.0	793.0
352.0	768.0
353.0	716.0
354.0	723.0
355.0	718.0
356.0	751.0
357.0	727.0
358.0	632.0
359.0	652.0
360.0	629.0
361.0	635.0
362.0	567.0
363.0	537.0
364.0	550.0
