# Position (bp)	A	C	G	T	N
0.0	22.273932228141007	27.75782197668723	22.406504030300294	27.457852902985962	0.10388886188550006
1.0	28.5219525978358	27.432267933914932	22.841448504507817	21.201500059021694	0.0028309047197591273
2.0	30.616982330347355	22.148090501353227	16.856061314191432	30.377263455210013	0.0016023988979768646
3.0	29.953375533398535	19.86483231162599	21.67538282645005	28.505875195559433	5.341329659922881E-4
4.0	32.73369786127819	18.37428085672791	21.763781832321776	27.126797290663944	0.0014421590081791782
5.0	31.9920542379979	18.645834056638392	21.49607438976644	27.865770249114274	2.6706648299614405E-4
6.0	30.58247734074425	19.30126861920753	19.295393156581614	30.819578964348228	0.0012819191183814915
7.0	28.979010176835402	19.84213166057132	19.043816529599244	32.13456091332464	4.807196693930594E-4
8.0	27.983386328225773	20.74449589331869	20.329314338852885	30.941735173670665	0.0010682659319845762
9.0	28.017998144422073	21.141944233313552	21.35271310169411	29.48686380090087	4.807196693930594E-4
10.0	28.294358541026487	21.24070541872553	21.61171417690377	28.85290138356462	3.204797795953729E-4
11.0	28.658583810536626	21.074376413115527	21.465628810704878	28.800876832676973	5.341329659922881E-4
12.0	28.982695694300748	20.888337901060414	21.09291082703546	29.035040724967992	0.0010148526353853475
13.0	29.249067804441104	20.862485865506386	20.76287006734883	29.125416022813887	1.6023988979768644E-4
14.0	29.46101176534684	20.762442760976032	20.537092062623884	29.239186344570246	2.6706648299614405E-4
15.0	29.042709851719188	20.83654926233488	20.797504100810226	29.322542411538137	6.94373597565633E-4
16.0	29.053578744340154	20.9756652542305	21.056800658484047	28.913260964897052	6.943780482528648E-4
17.0	29.168502764428787	20.898291133797713	21.212470829414098	28.720468203593995	2.670687653998527E-4
18.0	29.00672106690995	20.893955847029094	21.171761370343447	28.92665367997509	9.080357424233764E-4
19.0	29.261073955633137	20.754603098127674	21.469711771891657	28.51364971960241	9.614547451263592E-4
20.0	28.95052407295732	21.081497711470636	21.25942025347152	28.707703335660412	8.546264401123192E-4
21.0	29.030333427876588	21.18105353231216	20.936362776879527	28.850968320532605	0.0012819423991231513
22.0	28.904840779913222	21.241274102545887	20.64121759019142	29.2124538700547	2.1365729476747946E-4
23.0	28.882918348106863	21.05877985530044	20.631945538697384	29.425928942849282	4.273150460298426E-4
24.0	28.727383635187547	21.0864935574107	20.88367872035963	29.301536040629202	9.080464129228892E-4
25.0	28.92270630747084	21.007827919311804	21.136824337858446	28.930398019384185	0.00224341597472418
26.0	29.077061051556534	21.00298108206709	21.26391256204801	28.655350911444078	6.943928842890405E-4
27.0	28.985333841132014	20.971747199584645	21.541952414705577	28.4976013990459	0.003365145531861251
28.0	28.85178195710013	21.07394423562077	21.541968039561418	28.5310238034065	0.0012819643111818802
29.0	28.942573690482615	21.27357152662675	21.26716168452787	28.516158944854524	5.34153508240119E-4
30.0	29.07776301725699	21.265138658979087	20.965423524566653	28.691567967924982	1.0683127229101265E-4
31.0	28.883034497641418	21.41441237883253	20.72807047063216	28.971918685924198	0.0025639669696955127
32.0	29.047221478847472	21.24221392847471	20.69817044345553	29.011432658527113	9.614906951737974E-4
33.0	29.058754339417643	21.09687444413522	20.797208243437925	29.04641514291834	7.478300908666977E-4
34.0	29.07704018268499	20.942964357731395	20.877368695164456	29.101825514469237	8.012499499218782E-4
35.0	29.397973677139795	20.62945598460734	21.16132967889401	28.809157393909707	0.00208326544914936
36.0	29.476107679035497	20.666810893968897	21.17123252913258	28.684940800034187	9.080978288449262E-4
37.0	29.283796957839776	20.692832627769395	21.313390579719822	28.707415766349275	0.002564068321737156
38.0	29.264505169590894	20.861696416409146	21.25902441499889	28.6140261377507	7.478612503705919E-4
39.0	28.97811135298281	21.183135458539777	21.305305893508194	28.533073358351473	3.739366177432925E-4
40.0	28.757392719756957	21.3681185805337	21.255668575378632	28.61775171573066	0.0010684086000481853
41.0	28.718596897605597	21.431917897718318	20.762708016255065	29.08597586741663	8.013210043864311E-4
42.0	28.735780171359153	21.241728806351766	20.736134899121623	29.28480686034945	0.0015492628180129048
43.0	28.892636883112445	20.826352590211858	20.931597977578992	29.3491988528787	2.1369621800433378E-4
44.0	29.200498352892403	20.672722979261295	20.923555615392093	29.20124630963486	0.001976742819348145
45.0	29.315531049811135	20.462902114154737	21.24829697542836	28.973002719496492	2.6714110927674215E-4
46.0	29.40122012859544	20.618174979135567	21.216431236061435	28.762731044888724	0.0014426113188352675
47.0	29.204622204363584	20.717311572395868	21.20008250119691	28.877716554955203	2.6716708843444365E-4
48.0	28.909080901822037	20.944582222514345	21.139252749460688	29.006122262495808	9.618637071189135E-4
49.0	28.88843997454014	21.03308017770595	21.273570007391054	28.804001323228483	9.085171343659431E-4
50.0	28.771698412706897	21.16237593176441	21.137202860216767	28.92840211924126	3.206760706705924E-4
51.0	29.00025335481326	20.84800100914322	20.936942445697085	29.21432213690353	4.8105344289949085E-4
52.0	29.15616047913026	20.659766304257765	20.865943274338317	29.317114292174733	0.0010156500989189742
53.0	29.047276654094844	20.645413065965997	21.142049145053555	29.163817736162752	0.0014433987228594264
54.0	29.10826911942157	20.869730721257714	21.167414529514698	28.85431831316786	2.673166381618025E-4
55.0	29.096282180634486	20.855783384475874	21.17654041169611	28.871126681113836	2.673420796968127E-4
56.0	29.039685786322934	20.951945520610245	21.193862245429973	28.813169595709244	0.0013368519276067943
57.0	29.041618824173693	20.792244943581068	21.28661588543686	28.87834378247251	0.0011765643358748906
58.0	28.8984228033738	20.94670308833574	21.185312446679287	28.96854539220778	0.0010162694033910237
59.0	28.88639003177127	20.92795213606812	21.361644124348217	28.82358573989501	4.2796791738507325E-4
60.0	28.7484609988619	21.040800853118963	21.37404375926678	28.833912013813425	0.002782374938934896
61.0	28.795568035440304	21.118030704155554	21.218479862271735	28.867065145319483	8.562528129242799E-4
62.0	28.870867337844846	21.109087240138802	20.970134194599567	29.047449039398753	0.0024621880180296396
63.0	28.78272418775385	21.203062742538943	20.848512231537597	29.165486705292672	2.1413287694479493E-4
64.0	28.796072505935257	21.152258394756203	20.857717757143455	29.193148195543717	8.031466213763364E-4
65.0	28.858562614569216	21.086947557490117	21.15308508820926	28.900601449884622	8.032898467912052E-4
66.0	28.881220877820624	20.98419910022877	21.382234580075515	28.74982792504656	0.002517516828528715
67.0	28.843919084354724	20.842416796902416	21.56805806844623	28.744963131272815	6.429190238131849E-4
68.0	28.942491851842323	20.926001545497318	21.446508322856747	28.68226525749893	0.0027330223046773267
69.0	29.11053004548822	20.820910643471212	21.224440349111088	28.84315409281398	9.648691155044819E-4
70.0	28.797165802383674	21.096423096329794	21.13819394435308	28.96516075341955	0.003056403513898861
71.0	28.809912816051202	21.062213101300518	20.76017494719294	29.364909935666034	0.002789199789308139
72.0	28.638023063401818	21.40162856032949	20.638375045339135	29.32004172273696	0.001931608192594214
73.0	28.76033927251668	21.261746825157005	20.56900013579059	29.408323372673244	5.903938624800943E-4
74.0	29.014373683557753	21.01400214013308	20.796821048686684	29.17281655150789	0.0019865761145900053
75.0	29.15045367722418	20.86872259190106	20.913789510097352	29.06579877486738	0.0012354459100294573
76.0	29.289525685858177	20.69577610571102	21.198524697558163	28.81585106388696	3.2244698568496604E-4
77.0	29.231217543106947	20.814132723860155	21.2748935868217	28.677713099210898	0.002043047000296242
78.0	29.19491769302724	21.02613286055392	20.957442860085944	28.819462561260238	0.002044025072657023
79.0	28.932909452868056	21.24482864217783	21.08170247530907	28.738029924583074	0.002529505061970183
80.0	28.795393090389542	21.33453033422498	20.96067399695077	28.90854091012638	8.616683083243083E-4
81.0	28.775280995761886	21.42552264996141	20.9380106319225	28.8586527724484	0.0025329499057958203
82.0	28.67208058323627	21.562594366075665	20.903433846684784	28.86092058151072	9.706224925585608E-4
83.0	28.711082190679527	21.369447182712918	21.00357134956439	28.914388508229106	0.0015107688140626678
84.0	28.908361070394093	21.186633301209636	21.006686588759944	28.897185261970126	0.0011337776661996582
85.0	29.154031133521457	20.854370044048103	21.007320099992924	28.982928050802542	0.0013506716349772087
86.0	29.223528521262875	20.870141139769192	20.9694066506811	28.93659929119235	3.243970944833571E-4
87.0	29.006246733530773	20.910921558209967	20.92774759430966	29.153515126660558	0.0015689872890388384
88.0	28.967246635256437	21.133204379241967	20.918443304321368	28.98023949080999	8.661903702368327E-4
89.0	29.086513198168085	21.163386852646187	20.928817760943215	28.818790230224415	0.002491958018091615
90.0	28.912073958976016	21.347511116942318	20.866671509941543	28.873526551085888	2.1686305423419691E-4
91.0	28.881556633083612	21.244807198152706	20.953928892193225	28.91764507962522	0.002062196945235104
92.0	28.795379224217683	21.34599161389818	20.84493316595171	29.012718214919524	9.777810129050798E-4
93.0	28.760253655651148	21.26975704381562	20.758379074278658	29.210087944397568	0.0015222818570098905
94.0	28.815042157671922	21.254137012297733	20.69607901278631	29.234252149505352	4.896677386762975E-4
95.0	28.873438068334035	21.126561931665965	20.57083334240853	29.428513243612336	6.534139791386697E-4
96.0	29.17856520033134	21.093593320835332	20.406275886122856	29.319385708680297	0.002179884030169595
97.0	29.372705440618123	20.881983491990074	20.577523994866407	29.167187098596987	5.999739284056566E-4
98.0	29.382242775853985	20.81972377069004	20.742911517415962	29.054139263290242	9.826727497749407E-4
99.0	29.140653690782226	21.064826959061257	21.105923089029957	28.68799512092755	6.011401990101954E-4
100.0	29.018209071985602	21.119624056654093	21.007475648751186	28.85376121142163	9.300111874875201E-4
101.0	28.892932078970734	21.05933649206037	21.031349389130817	29.01534142348649	0.0010406163515881176
102.0	28.657939493892698	21.221986948717078	20.771628866341135	29.34789640996512	5.482810839736343E-4
103.0	28.771008899178142	21.267520908732653	20.49297297534641	29.46690552952141	0.001591687221386129
104.0	28.92029231152132	21.2713166709979	20.32741923166309	29.480587194311564	3.8459150613176214E-4
105.0	29.08940624066812	20.984533891197742	20.54435775474974	29.37977730519154	0.001924808192863581
106.0	29.148106980864185	20.946556362813574	20.716820897173974	29.18780007233942	7.156868088461092E-4
107.0	29.30848050227394	20.62323501985155	20.977333301000627	29.08929779968564	0.0016533771882447088
108.0	29.154786493491585	20.57302947313007	21.146036873555964	29.12515388813443	9.93271687949352E-4
109.0	28.85203527676769	20.98952206400365	21.156722582513122	29.000946511857922	7.735648576115743E-4
110.0	28.63398459159765	21.082904553569158	21.06375749419224	29.21891065406576	4.427065751887313E-4
111.0	28.52874274198376	21.31174163568361	20.88224665394089	29.27665928394224	6.096844494992828E-4
112.0	28.623031522289427	21.25461865046586	20.819399664259638	29.300729657953404	0.002220505031664402
113.0	28.68447252547499	21.160517888222998	20.698351956533944	29.45587938547607	7.782442919950348E-4
114.0	28.819686803883393	21.130663139954155	20.613790470083615	29.433911433650938	0.0019481524278988785
115.0	29.12580993580705	20.758433197085402	20.869898644468694	29.24479930088871	0.0010589217501412824
116.0	29.151214699055668	20.664031391143087	20.935595361870433	29.248544654860947	6.138930698727512E-4
117.0	29.179299371778484	20.60478266531123	21.04723704925344	29.16784261433145	8.382993253925895E-4
118.0	29.073480997567536	20.72715325640047	21.142675799505895	29.05461905023099	0.002070896295110558
119.0	28.91767144937067	20.78359876191261	21.087850720881484	29.210598754624467	2.8031321076918506E-4
120.0	28.805557724532665	21.11144379162915	21.183572423269236	28.89830256163375	0.001123498935203884
121.0	28.700906344410875	21.20817765364072	21.121119035485115	28.968558098675818	0.0012388677874665998
122.0	28.615361853826403	21.335199086097376	21.040879975740697	29.005792078117672	0.002767006217858258
123.0	28.707073429234004	21.277526904123487	20.982442115370677	29.031825222842233	0.0011323284295963476
124.0	28.911356006347884	21.179964334286346	20.881634200049135	29.025513524431805	0.001531934884824029
125.0	29.24546854840085	20.876109061766428	20.875995384711572	29.001688104264595	7.389008565566083E-4
126.0	29.39226387229958	20.546534387407586	20.8508351333287	29.209854220301214	5.123866629167553E-4
127.0	29.321471203689814	20.51835126359741	20.876291158667865	29.282973844038356	9.12530006553106E-4
128.0	29.250477723021223	20.63603448748777	20.820437859435145	29.291678476406425	0.0013714536494381611
129.0	29.00858825725604	20.887250921642888	20.80519349633347	29.29770754573284	0.0012597790347573035
130.0	28.738236889459046	21.158417063433983	20.756397783268905	29.345570699200152	0.0013775646379157447
131.0	28.87179298243998	21.06626569832505	20.989932808635864	29.07102988380822	9.786267908870273E-4
132.0	28.710299770784932	21.148051440784567	21.011342881361124	29.12920807840115	0.0010978286682355987
133.0	28.88834977939717	20.90311931589327	21.053612117427335	29.15410625383777	8.125334444569548E-4
134.0	29.313998786973965	20.738079686479423	20.834421946440234	29.111458430530934	0.0020411495754408884
135.0	29.198283177351712	20.670331517305556	20.79870084617173	29.331806019420547	8.784397504528357E-4
136.0	29.079101146846703	20.79967689822294	20.871810428145128	29.24911758412051	2.9394266471959046E-4
137.0	29.125429683073317	20.893339440184338	20.825286612775283	29.15470479356325	0.001239470403807653
138.0	28.861540103590688	21.278962551402504	20.875747504365695	28.98238602504084	0.0013638156002715772
139.0	29.01185058942863	21.36672067302618	21.02592603414625	28.594369702849736	0.0011330005492071083
140.0	29.50861016069818	21.15533116603157	21.036197622373088	28.29841991932065	0.0014411315765138785
141.0	30.69451707241493	20.243352119768364	20.685051226928515	28.374356031995042	0.0027235488931497296
142.0	31.40628681151406	19.32460293918387	19.963879703176364	29.30376571489257	0.001464831233131553
143.0	30.306511852998437	19.665042428451628	19.576749873471964	30.449664008038685	0.002031837039280951
144.0	27.771417567638917	21.612028561933368	19.15593834150705	31.459248929238086	0.0013665996825761647
145.0	27.255955944347455	21.78291244973374	18.866889619527914	32.09142112076126	0.00282086562963288
146.0	28.413053049203224	21.601559139512876	20.219157528250232	29.764775389784877	0.0014548932487892757
147.0	30.000606530739937	17.616717264099446	21.907251873062695	30.471848992999355	0.0035753390985676296
148.0	22.635557948423664	22.576108788094693	26.37776008201663	28.405414902911524	0.005158278553489736
149.0	27.832927477890873	22.014876731186384	26.872953341398297	23.177039879859837	0.10220256966460871
