# Position (bp)	A	C	G	T	N
0.0	22.032462105755098	27.133650152984835	22.785980545177498	27.97698532287712	0.07092187320545167
1.0	28.16201731446388	27.089085811761706	23.467412722431373	21.281431224571996	5.292677104884453E-5
2.0	30.56214052798688	21.845313043326385	18.460593107981726	29.131159419139273	7.939015657326678E-4
3.0	29.497465601568322	19.945771230383354	22.49864110515332	28.056375479450384	0.0017465834446118696
4.0	32.239336975753716	18.866700222239512	21.735172432773737	27.1579964676673	7.939015657326678E-4
5.0	31.59225427291054	18.974988395805447	21.736654382363106	27.695997095378804	1.0585354209768906E-4
6.0	29.962586065545572	19.80514479970657	19.66234837141679	30.569709056246868	2.1170708419537812E-4
7.0	28.653495310423448	20.258039179571536	19.82880306636541	31.25855098144758	0.001111462192025735
8.0	27.76390214263447	21.061573417635092	20.925763323123757	30.248708189835625	5.292677104884453E-5
9.0	27.73341632251034	21.571522856690713	21.727074636803266	28.966080820237927	0.0019053637577584029
10.0	28.045472564614325	21.466357362616655	21.918881255084276	28.568812476745297	4.763409394396007E-4
11.0	28.317569094576434	21.382150869877943	21.724375371479773	28.57511076250011	7.939015657326678E-4
12.0	28.599510003953633	21.28672390167688	21.201300093204047	28.9124130743944	5.292677104884453E-5
13.0	28.878963355091532	21.18007645801346	20.97466765957289	28.96576325961163	5.292677104884454E-4
14.0	29.021601003068163	21.090736068483007	20.721254279791022	29.166249868344657	1.5878031314653357E-4
15.0	28.654765552928623	21.136094311271865	21.05077635634113	29.15825792591628	1.0585354209768906E-4
16.0	28.721612064763313	21.2628010011628	21.314563383248572	28.699276967380698	0.0017465834446118696
17.0	28.84376705234405	21.190661812223226	21.394006466592888	28.569500524768937	0.002064144070904937
18.0	28.73685497482538	21.1805527989529	21.33128824290001	28.75119812977962	1.0585354209768906E-4
19.0	28.94019962919504	21.034421984087036	21.659275443089694	28.365679529459836	4.2341416839075625E-4
20.0	28.670802364556426	21.38829037531961	21.466569069700853	28.474338190423115	0.0
21.0	28.691368322553018	21.507874717966168	21.11335814895832	28.686869542251753	5.292682707376571E-4
22.0	28.582074424645693	21.581548861252852	20.847824257529236	28.988446602918067	1.0585365414753142E-4
23.0	28.614178371005806	21.428771794628872	20.801217741726337	29.155726238872788	1.0585376619761098E-4
24.0	28.633284975804475	21.306934109735423	20.946660816481856	29.11296131732895	1.5878064929641649E-4
25.0	28.84197567586306	21.115868061748735	21.230243056125257	28.81180735249675	1.0585376619761098E-4
26.0	28.96635385114526	21.176257635364472	21.432317895796494	28.422424273538834	0.0026463441549402747
27.0	28.904014247947096	21.099187835259432	21.898332535017822	28.09814781980475	3.1756197089544537E-4
28.0	28.789942145317877	21.1907129765231	21.909622634618916	28.107975647153655	0.0017465963864508579
29.0	28.913844634429438	21.26137073942952	21.554640150863584	28.269879839461325	2.6463581612891785E-4
30.0	28.942191303316893	21.33332133649697	21.315537790828454	28.408473224384416	4.7634497326381515E-4
31.0	28.70219674656039	21.618780714359435	21.033246267965502	28.64508821653607	6.88054578606266E-4
32.0	28.788052806712887	21.522128146731653	21.029480025468658	28.660233166312143	1.0585477465900209E-4
33.0	28.98195111701314	21.26837055122636	21.054807186949716	28.69301867448868	0.0018524703221022467
34.0	29.03330808670233	21.103801761547953	21.090622702596274	28.771473529939488	7.939192139564647E-4
35.0	29.277747461697206	20.687663978091972	21.374830431369894	28.65912299078044	6.351380604894903E-4
36.0	29.394366830832908	20.663986725558328	21.358248493525533	28.581439599437903	0.0019583506453294663
37.0	29.201478408472003	20.7075633730282	21.637893664893724	28.451476688284572	0.001587865321497738
38.0	29.1250887222566	20.914581572340992	21.587785677726888	28.37180302150559	7.41006169934945E-4
39.0	28.759457893023587	21.22865936764772	21.625315263100788	28.384556143958463	0.0020113322694444223
40.0	28.578339756425343	21.423856851059956	21.563804566508775	28.433945895705076	5.2930300850537E-5
41.0	28.559511553495952	21.475237593654644	21.13759127275037	28.82628337625149	0.0013762038475483723
42.0	28.602090890372494	21.303770875424707	21.056528990712152	29.03692113719622	6.881062944258627E-4
43.0	28.733324476067118	20.967001743046474	21.211970436492077	29.087385753175514	3.1759121881452725E-4
44.0	28.88353561611423	20.950281787880183	21.193243442814293	28.97108650440639	0.0018526487849005947
45.0	29.1065756132265	20.692937076892377	21.423478427036116	28.776056071867355	9.528109776528772E-4
46.0	29.248754293736294	20.698495412338964	21.349232354854642	28.703412067933275	1.058711368283866E-4
47.0	29.085807908228762	20.777271054951047	21.378103750837063	28.758234981167735	5.823048153961393E-4
48.0	28.8179568284387	20.959991529797904	21.338291930809035	28.88164216043092	0.00211755052343202
49.0	28.68196821985108	20.99607446602944	21.621142295974145	28.70076207770069	5.294044464679459E-5
50.0	28.644610956135118	21.16238525261499	21.519009457212242	28.67357078985167	4.2354418598248753E-4
51.0	28.942108687905993	20.957903436649726	21.125476444741413	28.97318778924875	0.001323641454120734
52.0	28.90031032731828	20.80310232012161	21.07721331257072	29.217785604645858	0.001588435343533559
53.0	28.777080889886715	20.84699677795987	21.379149667338258	28.996666763742653	1.0590107251311188E-4
54.0	28.79893245500928	21.054359539197595	21.3695394888387	28.777062609713283	1.0590724114284503E-4
55.0	28.75673803596479	21.146325331096456	21.382087084630104	28.713207900878384	0.0016416474302657297
56.0	28.726517041611967	21.156839390943162	21.320643501774942	28.795629348315966	3.707173539678143E-4
57.0	28.819856564876563	21.01243524578399	21.372214727919747	28.795440498151315	5.296326838447731E-5
58.0	28.843567609998765	20.955182676687397	21.349260283492228	28.84812280814194	0.0038666216796710514
59.0	28.72548879385557	20.886087683862186	21.712570301611596	28.67410511617214	0.0017481044985085492
60.0	28.610489341919486	21.061066417311466	21.652949481731465	28.67549475903758	0.0
61.0	28.50232843026869	21.226679270056053	21.59280631879122	28.678080010681796	1.0597020223883247E-4
62.0	28.678352606761653	21.25683737720277	21.196372758808174	28.86732441149008	0.0011128457373238922
63.0	28.567695883943557	21.374004534647444	21.02850001536989	29.027414583163292	0.0023849828758229514
64.0	28.558994648415304	21.384340890008396	21.104039979984567	28.952624481591737	0.0
65.0	28.548215481396692	21.37016759699531	21.372977403325432	28.707844290075922	7.95228206638459E-4
66.0	28.687094704581728	21.140049947772233	21.500501068415723	28.671240793862047	0.0011134853682720298
67.0	28.650333948161403	21.12470049670613	21.729116440092447	28.49563698344631	2.1213159371284381E-4
68.0	28.77653195397495	21.028991879897376	21.653076584836217	28.540550919445547	8.486618459137727E-4
69.0	28.962304391560668	20.892700255930325	21.489764909108658	28.65469990789904	5.305355013136059E-4
70.0	28.600039482147068	21.191246425910478	21.345194959021352	28.862882324097484	6.368088236230602E-4
71.0	28.47969341744537	21.427445401925162	21.03577769580068	29.055225730429218	0.0018577543995605085
72.0	28.319820678370494	21.733987490596178	20.986035359957274	28.95893536808026	0.0012211029957903802
73.0	28.51295319177861	21.608443152948773	20.86418691001164	29.012239470486772	0.002177274774200675
74.0	28.813414375686868	21.274998844705593	21.00739547772619	28.90344766410094	7.436377804111998E-4
75.0	28.845908628190227	21.120565989216622	21.150319102136063	28.882249930398967	9.563500581248314E-4
76.0	29.06719796945682	20.950127121526478	21.459250960851673	28.521617036835483	0.001806911329546614
77.0	29.04272516523023	21.097161702627577	21.582340286301612	28.27702862537696	7.442204636174538E-4
78.0	28.874634353076807	21.280983275824205	21.370902773678846	28.471246233191938	0.002233364228205157
79.0	28.755391290100878	21.516912745680052	21.34355098506078	28.38350664189918	6.383372591074768E-4
80.0	28.653541387946074	21.49647548163451	21.20266805454888	28.646836128787807	4.78947082733319E-4
81.0	28.53566785458363	21.591517697904234	21.222631681500545	28.649224482233954	9.582837776398323E-4
82.0	28.49883153927924	21.815704878989223	21.081396017647272	28.60401430698669	5.325709757339361E-5
83.0	28.567265606021213	21.57699979116678	21.131790808781222	28.72298486598448	9.58928046301308E-4
84.0	28.660844708037853	21.42364954416803	21.226203183762607	28.688663061649628	6.395023818799132E-4
85.0	28.996585538783854	21.108833618982377	21.100464057531408	28.794063475393756	5.330930860492205E-5
86.0	29.02786791789745	21.012101855461406	21.03903279014616	28.918224350151213	0.0027730863437763144
87.0	28.831400097413113	21.141525886227246	21.06609207512866	28.95938150676637	0.0016004344646093258
88.0	28.880371274077206	21.2811218488561	21.15864110955275	28.67975903048623	1.0673702771533661E-4
89.0	29.053344738947075	21.267945419652897	21.12446749773863	28.553921961252954	3.203824084427172E-4
90.0	28.785053619589423	21.459429482439532	21.123104935395766	28.631236563046293	0.0011753995289853524
91.0	28.74694792533771	21.472598290570875	21.11819140751766	28.65851995964605	0.0037424169277002475
92.0	28.60534600868265	21.57662585696364	21.040634052786018	28.777233588962385	1.6049260530321067E-4
93.0	28.555239307075013	21.53873413411945	20.957549485273923	28.948048826576578	4.282469550303226E-4
94.0	28.6020776330172	21.523643960730947	20.832295695046273	29.040108267848314	0.0018744433572672973
95.0	28.75424902159982	21.360147713779902	20.68432287848977	29.201173222912352	1.0716321815430646E-4
96.0	29.03869606820929	21.27830774055381	20.510765585506867	29.172123392131056	1.0721359897289371E-4
97.0	29.23072384951825	21.189673620105708	20.70381782150605	28.874175737244208	0.0016089716257853793
98.0	29.196658835701044	21.009293055911808	21.05892971556316	28.733776861482056	0.0013415313419284352
99.0	29.027079240322955	21.223964695453184	21.301551795698398	28.447082107555588	3.221609698763385E-4
100.0	28.877532926023246	21.32816404171973	21.23342951869704	28.56055110451964	3.224090403494914E-4
101.0	28.64882481252501	21.347787085199478	21.19053611609467	28.8106470307317	0.002204955449144047
102.0	28.453938869367505	21.533034914565246	20.93845812663635	29.074029816039687	5.382733912084883E-4
103.0	28.475736168818855	21.616446563108806	20.654319604158406	29.253174404772164	3.232591417685292E-4
104.0	28.648765816198328	21.596949400027825	20.539516636057858	29.214175023428407	5.9312428757685E-4
105.0	28.795839206349548	21.39508328710469	20.69841585056025	29.108395193372434	0.0022664626130802956
106.0	28.911655006367525	21.23832484869695	20.915519809546648	28.934122280298684	3.780550901877421E-4
107.0	29.099629356760737	20.872073758923516	21.13109700561127	28.89649718625728	7.026924471913112E-4
108.0	28.929132188255103	20.84947014973018	21.34036481919732	28.879517902803613	0.0015149400137859541
109.0	28.642310746527045	21.17758197995582	21.376431243438947	28.803676030078186	0.0
110.0	28.370225366031992	21.423360415876783	21.29426677796925	28.90824208637015	0.0039053537518245326
111.0	28.20654355953079	21.64717413000735	21.115124857452848	29.03028818022633	8.692727826888672E-4
112.0	28.209901804780678	21.70329849735846	21.066150621148434	29.017383884316413	0.0032651923960199483
113.0	28.43683337929621	21.518311937885805	20.886640280704203	29.155816338876857	0.0023980632369275576
114.0	28.601165218103176	21.397606800289257	20.86428074388397	29.136128583318555	8.186544050429111E-4
115.0	28.87094297304815	21.06230179050496	21.0313697693597	29.034237812592394	0.001147654494788829
116.0	28.868175357538284	20.987036073178565	21.194189630062606	28.947643511988908	0.0029554272316348927
117.0	28.809180133029038	20.959173033688156	21.288319309165605	28.943272702952065	5.48211651361511E-5
118.0	28.8100590500811	21.053599726768454	21.341821668096152	28.793750816784414	7.687382698776499E-4
119.0	28.75126246790196	20.991403116177853	21.348304717394225	28.908699641558133	3.300569678326479E-4
120.0	28.52623330416163	21.284150609820994	21.426755582466317	28.76203332853572	8.271750153440964E-4
121.0	28.490783779806527	21.46634107372644	21.40023036401276	28.640265903359975	0.002378879094299874
122.0	28.31897032830281	21.68833195339645	21.3520382806153	28.640159661751646	4.997759337896843E-4
123.0	28.39431316808878	21.56748445572899	21.34997333357111	28.685944144838	0.0022848977731163385
124.0	28.584642865925776	21.39512449222776	21.29200508834175	28.727892205849802	3.3534765491384917E-4
125.0	28.93079752112196	21.06743729535779	21.297023228133998	28.70451780509796	2.2415028828528955E-4
126.0	29.123508191987398	20.719494868174817	21.219503014374954	28.93710066062874	3.932648340899936E-4
127.0	29.096544318075534	20.721301906501534	21.315879324391478	28.8656546887272	6.197623042537104E-4
128.0	29.182171261150874	20.762272178540584	21.107310632949165	28.947115580252387	0.0011303471069896145
129.0	28.97725113806693	21.009676758935107	21.17380112369045	28.838590435984408	6.805433231043891E-4
130.0	28.579157175398635	21.240888382687928	21.188154897494304	28.99111617312073	6.83371298405467E-4
131.0	28.57951546968852	21.330334830295335	21.41104027602407	28.678708758658665	4.006653334050715E-4
132.0	28.485042273401607	21.360814645177086	21.464172031859885	28.687781762664017	0.0021892868974059828
133.0	28.619868386368573	21.236952146937202	21.549148413123277	28.591360228158162	0.00267082541278768
134.0	28.98622588886573	21.047553701938725	21.26404750920889	28.701704552107216	4.6834787943788887E-4
135.0	28.92252136618536	20.97257212359444	21.13578624435873	28.968058518780243	0.0010617470812277808
136.0	28.957229907880986	21.026049799742573	21.255560313925717	28.759556255913726	0.001603722536994018
137.0	28.81977914800554	21.258275966264872	21.268388127485032	28.65283873496265	7.180232819049158E-4
138.0	28.625162706028963	21.545414736009093	21.25251372521108	28.57534058186933	0.0015682508815379474
139.0	28.73239848478018	21.58816627454038	21.416613564117213	28.261542341718865	0.0012793348433545865
140.0	28.92671681496093	21.610044941203004	21.349752000724678	28.111206214986932	0.002280028124455027
141.0	29.841227040276536	20.915311725430204	21.146570842376157	28.096141374534284	7.490173828209118E-4
142.0	30.465884474020395	20.180646239511997	20.498499045998447	28.85351423279157	0.0014560076775917887
143.0	29.655680845420818	20.255152072099147	20.223235586688578	29.865160876425406	7.706193660499786E-4
144.0	27.406799503556456	22.059862643666172	19.680831647233056	30.851463256919963	0.0010429486243507644
145.0	27.124902820279544	21.987395583491853	19.577338516251757	31.3074518236705	0.0029112563063435613
146.0	28.08605157882576	22.296867065906874	20.506666989067913	29.107056019902906	0.0033583462965500383
147.0	29.162508756337473	18.76383364902758	21.974229254727398	30.098200576912188	0.001227762995359738
148.0	22.770917450527996	23.03616392315201	26.283388055728103	27.9084906602183	0.001039910373591268
149.0	27.8446423435059	22.505527136548473	26.377977180821965	23.19902767516229	0.07282566396137773
