#Position (bp)	mapping quality
3921452.5	36.15285559719055
1.17643565E7	38.86723977075836
1.96072605E7	38.0478735212965
2.74501645E7	40.17005002172554
3.52930685E7	41.02585180177495
4.31359725E7	40.7281257779479
5.09788765E7	40.37282991609413
5.88217805E7	40.78210392517167
6.66646845E7	40.682277714871525
7.45075885E7	40.646180602084634
8.23504925E7	39.61135101977755
9.01933965E7	40.486374774186814
9.80363005E7	40.79900720180864
1.058792045E8	38.100050771275406
1.137221085E8	40.50629781251292
1.215650125E8	18.519989234887277
1.294079165E8	0.0
1.372508205E8	0.0
1.450937245E8	17.28359218384745
1.529366285E8	37.64848366121711
1.607795325E8	38.88000125304242
1.686224365E8	40.66640754923762
1.764653405E8	40.72806532823915
1.843082445E8	40.814808651380964
1.921511485E8	40.92569648537167
1.999940525E8	40.29430844831284
2.078369565E8	39.56321225919972
2.156798605E8	40.88456084006734
2.235227645E8	40.14690252751006
2.313656685E8	39.50354874993838
2.392085725E8	40.20129844647279
2.46190323E8	38.059059477749805
2.50111775E8	39.34904223426643
2.548943805E8	40.85610398663997
2.627372845E8	40.72347697180656
2.705801885E8	40.78588083040736
2.784230925E8	40.964161603011846
2.862659965E8	40.52060421641682
2.941089005E8	41.00854958799238
3.019518045E8	40.93791146213085
3.097947085E8	40.72640750741634
3.176376125E8	40.60357558489506
3.254805165E8	40.26791207936825
3.333234205E8	36.31434474578155
3.411663245E8	13.36505553359643
3.490092285E8	37.208299093159056
3.568521325E8	36.35024141123939
3.646950365E8	36.25670284639129
3.725379405E8	40.5701499794107
3.803808445E8	35.32978842230884
3.882237485E8	40.762269041623995
3.960666525E8	40.82103806871199
4.039095565E8	40.49916061786472
4.117524605E8	40.21690353455494
4.195953645E8	40.66187106599977
4.274382685E8	40.74777342701616
4.352811725E8	40.562740172390995
4.431240765E8	40.762686858605804
4.509669805E8	40.92623768558251
4.588098845E8	40.76711209794342
4.666527885E8	40.927948023961314
4.744956925E8	40.9814532479765
4.823385965E8	40.440108166410255
4.893550215E8	40.01670833781343
4.932764735E8	39.484753713838934
4.980244045E8	40.64346088870118
5.058673085E8	40.78734287290308
5.137102125E8	40.401276784446765
5.215531165E8	40.62994416977816
5.293960205E8	40.384027884494486
5.372389245E8	40.62750647713561
5.450818285E8	40.618056574711275
5.529247325E8	40.65520778963661
5.607676365E8	40.97442409888586
5.686105405E8	38.594149799146294
5.764534445E8	40.725397835365314
5.842963485E8	39.264020548751766
5.921392525E8	40.31868195747827
5.999821565E8	40.81209988584731
6.078250605E8	40.7643443666223
6.156679645E8	39.909005646292016
6.235108685E8	40.14109141391723
6.313537725E8	40.44060155907284
6.391966765E8	40.69425086191213
6.470395805E8	40.30550564775153
6.548824845E8	40.30949810109663
6.627253885E8	40.6596058141652
6.705682925E8	40.65606330336129
6.784111965E8	40.76629838516131
6.862541005E8	38.39945161181662
6.903239885E8	21.104354572786345
6.942454405E8	39.718978282869564
7.019399085E8	37.36641681078335
7.097828125E8	40.54332613184755
7.176257165E8	41.07252164961791
7.254686205E8	40.90667795617
7.333115245E8	40.72732606202832
7.411544285E8	31.597253114301115
7.489973325E8	40.42418236325243
7.568402365E8	36.428567691347126
7.646831405E8	40.48691592539916
7.725260445E8	40.4409937693188
7.803689485E8	40.288552686636585
7.882118525E8	40.350344370728656
7.960547565E8	40.062710105434725
8.038976605E8	40.180896261296674
8.117405645E8	39.30889261828854
8.195834685E8	39.28201339197903
8.274263725E8	40.60011301563383
8.352692765E8	39.76203150098839
8.431121805E8	40.76704142817141
8.509550845E8	40.48033441696911
8.587979885E8	39.82688134498096
8.666408925E8	40.87547847329059
8.744837965E8	40.42311309461403
8.800159745E8	35.090218733492364
8.839374265E8	38.391006065361054
8.901696045E8	40.97888127741169
8.980125085E8	40.08634068235004
9.058554125E8	39.01675854877187
9.136983165E8	39.58920489589758
9.215412205E8	40.33735383009533
9.293841245E8	35.85529315725895
9.372270285E8	40.76380484714082
9.450699325E8	40.0496635109913
9.529128365E8	33.8347149077218
9.607557405E8	40.344033675551486
9.685986445E8	40.70031021129599
9.764415485E8	40.73345683631229
9.842844525E8	39.155568871008136
9.921273565E8	40.46693559716619
9.999702605E8	40.656100122979915
1.0078131645E9	40.647438029363805
1.0156560685E9	41.042533188224645
1.0234989725E9	40.84738269998803
1.0313418765E9	40.400895191817796
1.0391847805E9	40.777919870289836
1.0470276845E9	40.95157657331623
1.0548705885E9	39.50146437801789
1.0606670005E9	35.989525810813014
1.0645884525E9	39.867035276985185
1.0705563965E9	40.69149204650225
1.0783993005E9	41.00392174932547
1.0862422045E9	39.82407039325835
1.0940851085E9	32.30757861937233
1.1019280125E9	41.23440536837124
1.1097709165E9	40.71351284588159
1.1176138205E9	35.78220829754106
1.1254567245E9	38.97032912551009
1.1332996285E9	40.57356873730213
1.1411425325E9	40.03379770269401
1.1489854365E9	39.86186123405578
1.1568283405E9	40.89252340503067
1.1646712445E9	40.52655802749044
1.1725141485E9	40.81648343475501
1.1803570525E9	40.45461639941285
1.1881999565E9	40.73592344616114
1.1960428605E9	40.898059936523765
1.2038857645E9	40.96365313106786
1.2117286685E9	40.77361366076686
1.2195715725E9	40.63846631709028
1.2274144765E9	39.27930075945792
1.232496478E9	38.360979955084
1.23641793E9	39.48199399520287
1.2431002845E9	39.34175577594326
1.2509431885E9	40.58532971663704
1.2587860925E9	40.73803722834032
1.2666289965E9	38.95787414764641
1.2744719005E9	40.481914053776116
1.2823148045E9	40.40665805580616
1.2901577085E9	33.249839924106794
1.2980006125E9	27.421350225874217
1.3058435165E9	34.94093789768389
1.3136864205E9	38.588571951640276
1.3215293245E9	40.20485714285714
1.3293722285E9	40.45788210838823
1.3372151325E9	37.87490643534825
1.3450580365E9	40.352239145260285
1.3529009405E9	40.89096330301195
1.3607438445E9	40.27776132540329
1.3685867485E9	40.83030718728776
1.3764296525E9	37.79536903085239
1.3842725565E9	37.41489008307708
1.3904948495E9	39.44967416622115
1.3944163015E9	37.370351597685534
1.3999583645E9	36.8303653042224
1.4078012685E9	38.51213285215333
1.4156441725E9	40.99779933705029
1.4234870765E9	40.93494797678742
1.4313299805E9	40.762319108568065
1.4391728845E9	29.332548981393376
1.4470157885E9	40.14276084872345
1.4548586925E9	40.5250784049737
1.4627015965E9	40.63075069533345
1.4705445005E9	40.66096424397532
1.4783874045E9	35.07621105561785
1.4862303085E9	40.38994890313881
1.4940732125E9	40.633524689135086
1.5019161165E9	40.895660657027044
1.5097590205E9	40.69677818821672
1.5176019245E9	40.90120806624386
1.5254448285E9	40.846594406493566
1.5332877325E9	40.4074671890605
1.5381844485E9	38.29002308814881
1.5421059005E9	39.577956416700644
1.5489735405E9	40.653451009010155
1.5568164445E9	40.18622468774661
1.5646593485E9	40.41060716804101
1.5725022525E9	40.31644507475034
1.5803451565E9	15.203511213648635
1.5881880605E9	3.8403115244746244
1.5960309645E9	0.0
1.6038738685E9	6.680810744283754
1.6117167725E9	31.705671512738533
1.6195596765E9	40.67909517714942
1.6274025805E9	40.07821513908108
1.6352454845E9	39.280831279344405
1.6430883885E9	40.69559665006092
1.6509312925E9	40.60166705046625
1.6587741965E9	40.512444544596704
1.6666171005E9	40.67432901362405
1.6744600045E9	40.61629790089836
1.6793773E9	38.71364221708069
1.683298752E9	39.738162287756296
1.6901458125E9	40.90332101787041
1.6979887165E9	39.79794909524436
1.7058316205E9	40.50200993142587
1.7136745245E9	40.18159046908349
1.7215174285E9	10.623523617723771
1.7293603325E9	30.691312730973166
1.7372032365E9	40.681996608863635
1.7450461405E9	41.03500665282286
1.7528890445E9	40.70925999478852
1.7607319485E9	39.788123448343775
1.7685748525E9	39.47927450080576
1.7764177565E9	40.51112890292092
1.7842606605E9	40.8238988403621
1.7921035645E9	40.82053461073364
1.7999464685E9	40.934998689841905
1.8077893725E9	40.83666240959758
1.8138093575E9	38.87325389955361
1.8177308095E9	37.179588242998726
1.8234751805E9	39.892969244481186
1.8313180845E9	40.64014971986769
1.8391609885E9	40.58627211447072
1.8470038925E9	40.595483260400066
1.8548467965E9	40.73942352701606
1.8626897005E9	38.16106969652181
1.8705326045E9	27.914226520086125
1.8783755085E9	40.2048832180515
1.8862184125E9	39.30941990764699
1.8940613165E9	40.6716157250433
1.9019042205E9	37.7189214443589
1.9097471245E9	40.26063876773588
1.9175900285E9	40.635238447973734
1.9254329325E9	40.805713305961326
1.9332758365E9	41.00320610916247
1.9411187405E9	40.97006698012242
1.9479772995E9	40.49243472078594
1.9518987515E9	38.738500300756996
1.9568045485E9	39.317945414980954
1.9646474525E9	40.3634910206487
1.9724903565E9	40.4161347378966
1.9803332605E9	40.1365818461963
1.9881761645E9	38.17282660242874
1.9960190685E9	40.41109524562037
2.0038619725E9	40.40727435596057
2.0117048765E9	39.927179414236385
2.0195477805E9	40.817510893474534
2.0273906845E9	40.49324939209415
2.0352335885E9	40.622184646499356
2.0430764925E9	40.645194854332196
2.0509193965E9	40.685664581806385
2.0587623005E9	40.961533875984955
2.0666052045E9	41.053814117730866
2.0744481085E9	40.903156745808175
2.081567931E9	39.09638040632774
2.085489383E9	0.0
2.0901339165E9	0.0
2.0979768205E9	0.0
2.1058197245E9	37.038152560451785
2.1136626285E9	40.52564173457509
2.1215055325E9	40.92912903190317
2.1293484365E9	40.46470097067112
2.1371913405E9	39.56199570040956
2.1450342445E9	40.22325466382768
2.1528771485E9	40.26149401890891
2.1607200525E9	40.87153045703816
2.1685629565E9	40.76260348253333
2.1764058605E9	40.76201942253372
2.1842487645E9	40.948783980365086
2.1920916685E9	41.04280770698257
2.19797465E9	39.65120137498696
2.201896102E9	0.0
2.2077774765E9	0.0
2.2156203805E9	13.452315896170289
2.2234632845E9	36.4682988802019
2.2313061885E9	40.44711727659967
2.2391490925E9	40.29294104867868
2.2469919965E9	40.38846181974793
2.2548349005E9	40.54626661814774
2.2626778045E9	40.662116943250574
2.2705207085E9	40.81232087361096
2.2783636125E9	41.069621255543154
2.2862065165E9	41.102030217552915
2.2940494205E9	41.27157772270187
2.3018923245E9	41.06621562855042
2.306549748E9	33.82738289199442
2.3104712E9	0.0
2.3175781325E9	0.0
2.3254210365E9	12.74791015594932
2.3332639405E9	32.97591024438137
2.3411068445E9	34.6630067925568
2.3489497485E9	39.594054420273935
2.3567926525E9	40.820588316038
2.3646355565E9	40.821568813559324
2.3724784605E9	41.07163381374905
2.3803213645E9	39.5903832195543
2.3881642685E9	38.35499220557176
2.3960071725E9	39.58912798381256
2.4038500765E9	40.77589102638095
2.40879432E9	37.69456248496654
2.412715772E9	39.41068992358362
2.4195358845E9	40.954069116558486
2.4273787885E9	32.3361074234889
2.4352216925E9	36.45012671248103
2.4430645965E9	27.780128389800566
2.4509075005E9	0.0
2.4587504045E9	22.724667742078502
2.4665933085E9	40.543871930700746
2.4744362125E9	40.874406257631016
2.4822791165E9	37.86442482221891
2.4901220205E9	41.16009366579399
2.4971076685E9	38.61550037234937
2.5010291205E9	37.460723751944094
2.5058078285E9	40.59648546871613
2.5136507325E9	38.75192444147452
2.5214936365E9	25.476301654432707
2.5293365405E9	39.23292003015176
2.5371794445E9	37.93664411905811
2.5450223485E9	36.49084636873757
2.5528652525E9	40.93676250258318
2.5607081565E9	39.30706717106622
2.5685510605E9	40.94526114732773
2.5763939645E9	40.69133082637161
2.5808412455E9	37.4142855842489
2.5847626975E9	38.77743695894802
2.5920797725E9	38.82859614034589
2.5999226765E9	28.96149882723264
2.6077655805E9	40.78255371898545
2.6156084845E9	40.88113739160337
2.6234513885E9	40.38578507649112
2.6312942925E9	40.603139466851445
2.6391371965E9	41.01562909188556
2.6469801005E9	40.92317887170754
2.6548230045E9	40.672736368054764
2.6590943895E9	38.308147544209845
2.6630158415E9	39.37198143408172
2.6705088125E9	38.818752758558325
2.6783517165E9	39.81836812107419
2.6861946205E9	24.093294844326152
2.6940375245E9	39.38957576717406
2.7018804285E9	38.785897048690785
2.7097233325E9	38.58764138570132
2.716109045E9	38.60248577733079
2.720030497E9	40.77529556097196
2.7254091405E9	40.902186821896805
2.7332520445E9	40.72670076666227
2.7410949485E9	38.060821207217835
2.7489378525E9	38.92473157788883
2.7567807565E9	40.88627831196192
2.7646236605E9	40.53622715288891
2.7724665645E9	41.036497769956256
2.778993421E9	40.391126557913566
2.782914873E9	0.0
2.7881523725E9	9.531755462484984
2.7959952765E9	29.172950678874965
2.8038381805E9	40.99921435139369
2.8116810845E9	40.589723239542785
2.8195239885E9	41.00660102579257
2.8265870805E9	40.2734599884859
2.8305085325E9	0.0
2.8352097965E9	0.0
2.8430527005E9	9.961128540933919
2.8508956045E9	33.58461383451126
2.8587385085E9	40.26331899613148
2.8665814125E9	41.0197622161854
2.8744243165E9	40.703823174534705
2.8796895275E9	39.327555267967924
2.8836109795E9	21.409540059981843
2.8901101245E9	40.0276287503505
2.8979530285E9	40.690209937472325
2.9057959325E9	40.4858524063271
2.9136388365E9	40.48547185223465
2.9214817405E9	40.3194529448374
2.9293246445E9	37.33913068604196
2.9371675485E9	30.54198228429026
2.9450104525E9	26.98808596809455
2.9528533565E9	36.68912144221128
2.9606962605E9	39.23999314501157
2.9685391645E9	33.29622935097742
2.9763820685E9	38.207014701313334
2.9842249725E9	37.44044251477421
2.9920678765E9	39.87484226224618
2.9999107805E9	38.1090958960469
3.0077536845E9	39.77882399864177
3.0155965885E9	38.54804934734244
3.0234394925E9	37.95680272204333
3.0312823965E9	36.07465159341195
3.0357538475E9	23.837600073617374
3.0396752995E9	11.619524193758297
3.0469682045E9	18.15942431261446
3.0548111085E9	29.853854798507356
3.0626540125E9	12.049896209733221
3.0704969165E9	0.0
3.0783398205E9	0.0
3.0861827245E9	0.0
3.0928907945E9	5.239831077544497
3.095685698E9	21.808174027686224
3.0957472E9	4.229525862068965
3.0960741645E9	9.372541470144704
3.0966431255E9	2.2305302670751175
3.097033233E9	13.63663425632354
3.097223862E9	11.045397014925372
3.0976333385E9	0.8962457337883959
3.0999444835E9	1.557099745870394
3.1038659355E9	1.9127770514012066
3.106263621E9	7.508776549060909
3.1090424555E9	2.100674614176139
3.112490271E9	1.4850269818347648
3.1148319025E9	2.793992932862191
3.1184476155E9	1.8407582774590447
3.1211700535E9	1.0
3.1234760455E9	2.5248577277764213
3.1273974975E9	2.571643196250075
3.129861781E9	1.7789861134348335
3.1304963135E9	22.84912388763717
3.1306072185E9	2.01078167115903
3.130645263E9	1.5394378966455122
3.130708893E9	14.057514659812034
3.1308388725E9	2.6643397753497173
3.131017327E9	1.0
3.1311289185E9	1.0
3.131167044E9	25.453168044077135
3.1320275095E9	1.9721038630852892
3.1328866725E9	10.333633904418395
3.1329460765E9	32.56278713629403
3.1330740255E9	24.218339945071712
3.13318182E9	6.68561872909699
3.1332044515E9	29.02892102335929
3.133252927E9	16.98676012461059
3.133378856E9	1.6986492780624127
3.1334722815E9	7.151413189771198
3.1335694055E9	21.732932753771415
3.1337461175E9	6.341403074748189
3.133921666E9	3.328117665467063
3.1340726445E9	11.28954950913577
3.134227776E9	1.5502793296089385
3.1344001955E9	3.2976573199740504
3.134572417E9	5.184433441093424
3.134739065E9	12.166273112051682
3.1349092375E9	17.8578667013122
3.1350797375E9	26.872762970466624
3.135238337E9	3.545536411118449
3.135409466E9	2.4567155453792564
3.135593124E9	1.120358514724712
3.135773198E9	12.60222166838751
3.135968631E9	4.661577568092926
3.1360817215E9	5.22449451222984
3.1361534125E9	4.716356673960613
3.1362821595E9	1.8496869335969681
3.136356676E9	18.09903593339176
3.136388478E9	25.337236533957846
3.1364240165E9	13.724134366925064
3.1364580355E9	16.004072616828882
3.136501332E9	14.657360406091371
3.136544568E9	17.275854055310248
3.1365820705E9	11.052712384851587
3.1366202745E9	1.4003683241252303
3.136664175E9	12.487519260400616
3.136707078E9	6.779334500875657
3.1367439595E9	1.9101766190075693
3.136781838E9	5.174736842105263
3.1368238805E9	13.974626784054246
3.136866718E9	1.5942947702060222
3.13691015E9	2.492403486924035
3.136951785E9	1.0
3.136990075E9	1.950847874170558
3.1370274775E9	3.3190442726633873
3.1370647655E9	3.345063025210084
3.1371028695E9	1.0
3.1371420135E9	1.6297229219143576
